run,gen,best,mean,std
1,0,-70.0,-98.07983463949301,6.860365313739812
1,1,-68.16496580927726,-90.99048855942239,10.609530304561742
1,2,-68.16496580927726,-78.94373736926909,7.170598889424645
1,3,-68.16496580927726,-72.60211220943526,4.589153386042167
1,4,-68.16496580927726,-68.44729335566922,1.110696636669872
1,5,-58.04737854124365,-68.06378993659695,1.006687222552333
1,6,-48.04737854124365,-67.45791057319526,2.9437263246287473
1,7,-48.04737854124365,-64.42968962886718,6.158084577950424
1,8,-48.04737854124365,-56.159137268047,5.972528954038173
1,9,-48.04737854124365,-50.14737854124363,4.0730823708832595
1,10,-48.04737854124365,-59.562200572599394,20.602270676291127
1,11,-48.04737854124365,-48.04737854124363,2.1316282072803006e-14
1,12,-48.04737854124365,-48.04737854124363,2.1316282072803006e-14
1,13,-48.04737854124365,-48.04737854124363,2.1316282072803006e-14
1,14,-48.04737854124365,-48.04737854124363,2.1316282072803006e-14
1,15,-48.04737854124365,-48.04737854124363,2.1316282072803006e-14
1,16,-48.04737854124365,-48.04737854124363,2.1316282072803006e-14
1,17,-48.04737854124365,-48.04737854124363,2.1316282072803006e-14
1,18,-48.04737854124365,-48.04737854124363,2.1316282072803006e-14
1,19,-48.04737854124365,-48.04737854124363,2.1316282072803006e-14
1,20,-40.0,-59.72639345385363,20.735122696003998
1,21,-40.0,-47.403588257944136,2.1831990706334277
1,22,-40.0,-45.150322266395925,3.862741699796953
1,23,-40.0,-40.80473785412437,2.4142135623730963
1,24,-40.0,-40.0,0.0
1,25,-40.0,-40.0,0.0
1,26,-40.0,-40.0,0.0
1,27,-40.0,-40.0,0.0
1,28,-40.0,-40.0,0.0
1,29,-40.0,-40.0,0.0
2,0,-78.04737854124365,-96.93949512811716,7.146197240392113
2,1,-68.16496580927726,-88.9911282264059,9.39642990086588
2,2,-60.0,-79.0857798075324,5.27672336570632
2,3,-58.04737854124365,-73.52051409644702,6.048329900785064
2,4,-58.04737854124365,-66.6232607359798,5.551358965258726
2,5,-58.04737854124365,-60.83776537938284,3.298464971840869
2,6,-58.04737854124365,-58.53553390593274,0.8455098936288127
2,7,-58.04737854124365,-58.0669047558312,0.19428338208873674
2,8,-50.0,-57.96690475583121,0.8007040550178832
2,9,-50.0,-57.40358825794416,2.1831990706334286
2,10,-38.989260741215745,-64.0506511426554,18.325195795326323
2,11,-38.989260741215745,-50.16530006965893,4.253284071062539
2,12,-38.989260741215745,-46.036133866837666,5.285154844216443
2,13,-38.989260741215745,-40.53076423744553,3.820583729563052
2,14,-38.989260741215745,-38.98926074121574,7.105427357601002e-15
2,15,-38.989260741215745,-38.98926074121574,7.105427357601002e-15
2,16,-38.989260741215745,-38.98926074121574,7.105427357601002e-15
2,17,-38.989260741215745,-38.98926074121574,7.105427357601002e-15
2,18,-38.989260741215745,-38.98926074121574,7.105427357601002e-15
2,19,-31.380711874576985,-38.91317525254935,0.7570410536917378
2,20,-31.380711874576985,-51.50401380191377,23.67896580153623
2,21,-31.380711874576985,-37.16320901322244,3.249482865340247
2,22,-31.380711874576985,-32.82633615923836,2.9848406055002346
2,23,-31.380711874576985,-31.380711874576996,1.0658141036401503e-14
2,24,-31.380711874576985,-31.380711874576996,1.0658141036401503e-14
2,25,-31.380711874576985,-31.380711874576996,1.0658141036401503e-14
2,26,-31.380711874576985,-31.380711874576996,1.0658141036401503e-14
2,27,-31.380711874576985,-31.380711874576996,1.0658141036401503e-14
2,28,-31.380711874576985,-31.380711874576996,1.0658141036401503e-14
2,29,-28.04737854124365,-31.34737854124366,0.3316624790355402
3,0,-78.04737854124365,-98.13992566723032,5.587440073142353
3,1,-78.04737854124365,-90.59910913327465,9.61970591325871
3,2,-71.38071187457699,-79.17872700688477,4.142548794214061
3,3,-70.0,-77.50023808916454,1.8599331844640186
3,4,-70.0,-75.25881673292724,3.3554104877177497
3,5,-60.0,-71.47123616632825,2.1818184834557184
3,6,-58.16496580927726,-69.56824898297432,2.957710885265913
3,7,-58.16496580927726,-66.55319726474218,4.932037474296532
3,8,-58.16496580927726,-60.52103734943259,3.6020049636988567
3,9,-50.0,-58.23011888644233,0.9653029481423482
3,10,-50.0,-67.57877538267964,17.2944432450544
3,11,-50.0,-56.695271963607354,3.1368774282716254
3,12,-50.0,-53.02103734943259,3.9420806688854064
3,13,-50.0,-50.0,0.0
3,14,-50.0,-50.0,0.0
3,15,-48.16496580927726,-49.98164965809278,0.1825835966430237
3,16,-48.16496580927726,-49.90824829046386,0.3999364297651178
3,17,-48.16496580927726,-49.54124145231932,0.7945931129894548
3,18,-48.16496580927726,-48.60537401505072,0.7837121459799846
3,19,-46.0947570824873,-48.14426372200936,0.20598316753445053
3,20,-41.38071187457698,-60.47107346853935,21.84522351882866
3,21,-41.38071187457698,-47.066762392905936,2.141354787312481
3,22,-41.38071187457698,-44.57604029260207,2.7679890277469053
3,23,-41.38071187457698,-41.663554587051614,1.1195237082497778
3,24,-41.38071187457698,-41.38071187457699,7.105427357601002e-15
3,25,-41.38071187457698,-41.38071187457699,7.105427357601002e-15
3,26,-41.38071187457698,-41.38071187457699,7.105427357601002e-15
3,27,-41.38071187457698,-41.38071187457699,7.105427357601002e-15
3,28,-40.0,-41.36690475583122,0.13737909694680275
3,29,-40.0,-41.284062043356606,0.3522845153663756
4,0,-73.66339837864261,-98.72138715366309,4.609991605042365
4,1,-70.0,-92.64471129277837,9.195883100500852
4,2,-58.16496580927726,-80.09575277319104,8.598799841736309
4,3,-58.16496580927726,-71.92115409072098,4.584335958046183
4,4,-58.16496580927726,-65.11384241961188,6.384867896386107
4,5,-58.16496580927726,-58.401666493091724,1.656904786701183
4,6,-58.16496580927726,-58.16496580927728,1.4210854715202004e-14
4,7,-48.04737854124365,-58.06378993659693,1.006687222552333
4,8,-48.04737854124365,-57.25438295515424,2.8954689356202716
4,9,-48.04737854124365,-53.5108756659818,5.042579510148245
4,10,-48.04737854124365,-59.00953390593272,19.872631712060418
4,11,-44.14213562373095,-48.00832611206851,0.38856676417747427
4,12,-41.836280143256104,-47.90716269891351,0.8192285368260491
4,13,-41.836280143256104,-47.509573726727865,1.4968905380149358
4,14,-41.836280143256104,-45.62465679245631,2.4548846156671296
4,15,-41.836280143256104,-42.93789060695128,1.5155338440582162
4,16,-41.836280143256104,-41.92851436247509,0.45185354782108117
4,17,-41.836280143256104,-41.83628014325609,1.4210854715202004e-14
4,18,-41.836280143256104,-41.83628014325609,1.4210854715202004e-14
4,19,-41.836280143256104,-41.83628014325609,1.4210854715202004e-14
4,20,-41.836280143256104,-54.2105434407754,22.301730346970846
4,21,-41.836280143256104,-41.83628014325609,1.4210854715202004e-14
4,22,-41.836280143256104,-41.83628014325609,1.4210854715202004e-14
4,23,-41.836280143256104,-41.83628014325609,1.4210854715202004e-14
4,24,-41.836280143256104,-41.83628014325609,1.4210854715202004e-14
4,25,-41.836280143256104,-41.83628014325609,1.4210854715202004e-14
4,26,-41.836280143256104,-41.83628014325609,1.4210854715202004e-14
4,27,-41.836280143256104,-41.83628014325609,1.4210854715202004e-14
4,28,-41.836280143256104,-41.83628014325609,1.4210854715202004e-14
4,29,-41.836280143256104,-41.83628014325609,1.4210854715202004e-14
5,0,-41.38071187457698,-97.6009002932366,7.968340108346286
5,1,-41.38071187457698,-87.91395221229207,15.68060865387858
5,2,-41.38071187457698,-67.01270083621588,19.546228465634247
5,3,-36.0947570824873,-46.56118565998943,11.775581801402298
5,4,-36.0947570824873,-41.01069503913072,1.3486955942567003
5,5,-36.0947570824873,-39.74206588902919,2.4447183751698267
5,6,-28.04737854124365,-36.86003606380922,2.1289814430497334
5,7,-28.04737854124365,-35.37049301377538,2.3030129577401497
5,8,-28.04737854124365,-32.875805665989844,3.9423942386139545
5,9,-28.04737854124365,-28.44974746830583,1.7538854910849413
5,10,-28.04737854124365,-45.26886723926606,30.039772099954938
5,11,-28.04737854124365,-28.047378541243653,3.552713678800501e-15
5,12,-28.04737854124365,-28.047378541243653,3.552713678800501e-15
5,13,-28.04737854124365,-28.047378541243653,3.552713678800501e-15
5,14,-28.04737854124365,-28.047378541243653,3.552713678800501e-15
5,15,-28.04737854124365,-28.047378541243653,3.552713678800501e-15
5,16,-28.04737854124365,-28.047378541243653,3.552713678800501e-15
5,17,-28.04737854124365,-28.047378541243653,3.552713678800501e-15
5,18,-28.04737854124365,-28.047378541243653,3.552713678800501e-15
5,19,-28.04737854124365,-28.047378541243653,3.552713678800501e-15
5,20,-28.04737854124365,-45.20220057259939,29.877107198660376
5,21,-28.04737854124365,-28.047378541243653,3.552713678800501e-15
5,22,-28.04737854124365,-28.047378541243653,3.552713678800501e-15
5,23,-28.04737854124365,-28.047378541243653,3.552713678800501e-15
5,24,-28.04737854124365,-28.047378541243653,3.552713678800501e-15
5,25,-28.04737854124365,-28.047378541243653,3.552713678800501e-15
5,26,-28.04737854124365,-28.047378541243653,3.552713678800501e-15
5,27,-28.04737854124365,-28.047378541243653,3.552713678800501e-15
5,28,-28.04737854124365,-28.047378541243653,3.552713678800501e-15
5,29,-28.04737854124365,-28.047378541243653,3.552713678800501e-15
6,0,-68.16496580927726,-98.07122206360067,5.805890265435538
6,1,-68.16496580927726,-91.20913006066522,10.389831099972577
6,2,-68.16496580927726,-78.54042989507063,9.135463803298713
6,3,-56.0947570824873,-69.72427388644365,3.953227990693777
6,4,-55.80552462257981,-67.55856304833871,2.6433749458469706
6,5,-55.80552462257981,-66.2192707899955,4.458469857722963
6,6,-46.0947570824873,-60.379749222625485,6.047110317950073
6,7,-46.0947570824873,-55.66337111456129,1.3714337313074465
6,8,-38.16496580927726,-54.85225763123938,3.122033903258224
6,9,-38.04737854124365,-51.05582355586616,5.655700259413576
6,10,-38.04737854124365,-54.97935609797865,21.59563723513684
6,11,-38.04737854124365,-39.6434052068591,3.124905982968374
6,12,-38.04737854124365,-38.07559948557171,0.0502195384894973
6,13,-38.04737854124365,-38.047378541243646,7.105427357601002e-15
6,14,-38.04737854124365,-38.047378541243646,7.105427357601002e-15
6,15,-38.04737854124365,-38.047378541243646,7.105427357601002e-15
6,16,-38.04737854124365,-38.047378541243646,7.105427357601002e-15
6,17,-38.04737854124365,-38.047378541243646,7.105427357601002e-15
6,18,-36.0947570824873,-38.02785232665608,0.1942833820887375
6,19,-36.0947570824873,-37.9106950391307,0.4982055394451634
6,20,-36.0947570824873,-51.28878306203468,24.9470234873293
6,21,-36.0947570824873,-36.42670273047589,0.7334686647599381
6,22,-36.0947570824873,-36.094757082487305,7.105427357601002e-15
6,23,-36.0947570824873,-36.094757082487305,7.105427357601002e-15
6,24,-36.0947570824873,-36.094757082487305,7.105427357601002e-15
6,25,-36.0947570824873,-36.094757082487305,7.105427357601002e-15
6,26,-36.0947570824873,-36.094757082487305,7.105427357601002e-15
6,27,-36.0947570824873,-36.094757082487305,7.105427357601002e-15
6,28,-36.0947570824873,-36.094757082487305,7.105427357601002e-15
6,29,-36.0947570824873,-36.094757082487305,7.105427357601002e-15
7,0,-78.04737854124365,-97.34992598976258,7.55620233250747
7,1,-78.04737854124365,-88.29332736336313,9.903280714224529
7,2,-71.38071187457699,-78.31545544829038,1.6722224312574148
7,3,-71.38071187457699,-77.64737854124365,1.5832456116050535
7,4,-59.13885795591314,-76.65829333539034,3.105762997741157
7,5,-59.13885795591314,-73.3577043844971,4.304702609333241
7,6,-59.13885795591314,-69.48868191425744,4.565385531610942
7,7,-59.13885795591314,-63.91318098419205,5.970963464496236
7,8,-59.13885795591314,-59.13885795591315,1.4210854715202004e-14
7,9,-51.38071187457698,-59.06127649509979,0.771925788616743
7,10,-51.38071187457698,-68.06581762368143,16.842151633690644
7,11,-51.38071187457698,-57.664810200459286,3.043527728199336
7,12,-51.38071187457698,-53.55299277735112,3.4833989511483288
7,13,-51.38071187457698,-51.38071187457699,7.105427357601002e-15
7,14,-51.38071187457698,-51.38071187457699,7.105427357601002e-15
7,15,-48.16496580927726,-51.34855441392399,0.31996269358982643
7,16,-48.16496580927726,-51.252082031965,0.630154960187762
7,17,-48.16496580927726,-50.673247740211046,1.3321109206870843
7,18,-48.16496580927726,-49.06537470756118,1.4438664023061516
7,19,-41.38071187457698,-48.097123269930265,0.6750247435167935
7,20,-41.38071187457698,-59.71666912087594,21.448403375575538
7,21,-41.38071187457698,-45.51910677474416,3.3090194219848668
7,22,-41.38071187457698,-41.78776711065902,1.611171040519283
7,23,-41.38071187457698,-41.38071187457699,7.105427357601002e-15
7,24,-41.38071187457698,-41.38071187457699,7.105427357601002e-15
7,25,-41.38071187457698,-41.38071187457699,7.105427357601002e-15
7,26,-41.38071187457698,-41.38071187457699,7.105427357601002e-15
7,27,-41.38071187457698,-41.38071187457699,7.105427357601002e-15
7,28,-41.38071187457698,-41.38071187457699,7.105427357601002e-15
7,29,-41.38071187457698,-41.38071187457699,7.105427357601002e-15
8,0,-65.80552462257981,-97.62447866128565,6.882756606070664
8,1,-65.80552462257981,-90.62401095008512,11.08872017050471
8,2,-60.23689270621825,-75.43424811551353,7.451120818827125
8,3,-60.0,-67.48342072668575,4.768665459077782
8,4,-60.0,-64.57094989273153,2.3250223520949196
8,5,-60.0,-61.80441742071944,2.5586894520548578
8,6,-58.26552407880086,-60.10230259063055,0.6093029859632431
8,7,-58.26552407880086,-59.947965722364025,0.295879427448903
8,8,-58.26552407880086,-59.75717337103211,0.6018406510321824
8,9,-58.26552407880086,-59.132762039400426,0.8672379605995707
8,10,-53.66339837864261,-67.31845513543237,16.55594302642808
8,11,-53.66339837864261,-57.897354022788186,1.2485254048917858
8,12,-51.46257498393985,-56.54072933579527,2.261089605476429
8,13,-50.780126498899286,-53.89068975701516,1.288157277775819
8,14,-44.14213562373095,-53.085539383654684,1.3014889085230703
8,15,-44.14213562373095,-51.754224680766654,2.2171808981989267
8,16,-44.14213562373095,-49.30333004511831,3.16145584595046
8,17,-44.14213562373095,-45.27741855735996,2.509400056245821
8,18,-44.14213562373095,-44.14213562373094,1.4210854715202004e-14
8,19,-44.14213562373095,-44.14213562373094,1.4210854715202004e-14
8,20,-37.915675682270525,-55.77767045171693,21.16665240860342
8,21,-37.915675682270525,-43.83081262665792,1.357025483041509
8,22,-37.915675682270525,-42.710049837195044,2.6202967546830407
8,23,-37.915675682270525,-39.22323226997722,2.5360884220573277
8,24,-37.915675682270525,-37.977940281685136,0.6195249419400747
8,25,-37.915675682270525,-37.915675682270525,0.0
8,26,-37.915675682270525,-37.915675682270525,0.0
8,27,-37.915675682270525,-37.915675682270525,0.0
8,28,-37.915675682270525,-37.915675682270525,0.0
8,29,-37.915675682270525,-37.915675682270525,0.0
9,0,-66.09475708248729,-98.2516676351807,5.979812356937052
9,1,-48.16496580927726,-90.41078151235355,11.80829425341695
9,2,-48.16496580927726,-75.26445881232421,10.824762956854755
9,3,-48.16496580927726,-62.98690368619554,7.768612274839468
9,4,-48.16496580927726,-54.619690667632874,8.606299811140815
9,5,-48.16496580927726,-48.52356163474147,2.510170778249404
9,6,-38.16496580927726,-48.06496580927726,0.99498743710662
9,7,-38.16496580927726,-47.96496580927727,1.4
9,8,-38.16496580927726,-46.864965809277265,3.363034344160048
9,9,-38.16496580927726,-43.364965809277265,4.995998398718718
9,10,-38.16496580927726,-52.590391023624626,25.326902913256458
9,11,-38.04737854124365,-38.16378993659692,0.011699785445713064
9,12,-38.04737854124365,-38.1567347005149,0.03000204061051317
9,13,-38.04737854124365,-38.12498613814583,0.05570212025991145
9,14,-38.04737854124365,-38.065016631448685,0.04198705293849546
9,15,-38.04737854124365,-38.047378541243646,7.105427357601002e-15
9,16,-38.04737854124365,-38.047378541243646,7.105427357601002e-15
9,17,-38.04737854124365,-38.047378541243646,7.105427357601002e-15
9,18,-38.04737854124365,-38.047378541243646,7.105427357601002e-15
9,19,-38.04737854124365,-38.047378541243646,7.105427357601002e-15
9,20,-38.04737854124365,-52.302200572599396,25.09678749015031
9,21,-38.04737854124365,-38.047378541243646,7.105427357601002e-15
9,22,-38.04737854124365,-38.047378541243646,7.105427357601002e-15
9,23,-38.04737854124365,-38.047378541243646,7.105427357601002e-15
9,24,-38.04737854124365,-38.047378541243646,7.105427357601002e-15
9,25,-38.04737854124365,-38.047378541243646,7.105427357601002e-15
9,26,-38.04737854124365,-38.047378541243646,7.105427357601002e-15
9,27,-38.04737854124365,-38.047378541243646,7.105427357601002e-15
9,28,-38.04737854124365,-38.047378541243646,7.105427357601002e-15
9,29,-38.04737854124365,-38.047378541243646,7.105427357601002e-15
10,0,-73.66339837864261,-96.76220410633063,7.4392962923798445
10,1,-71.38071187457699,-85.01775059732294,9.930955922408785
10,2,-71.38071187457699,-76.479422421079,2.1874224824472828
10,3,-71.38071187457699,-73.83331579978073,1.2763687849402783
10,4,-70.33006504530928,-72.99091282417088,1.0572882480071952
10,5,-70.0,-71.72706991355494,0.9830538302865593
10,6,-68.04737854124366,-70.96314889873449,0.6026841331092525
10,7,-68.04737854124366,-70.2654888622636,0.6321201236995634
10,8,-58.16496580927726,-69.48563481795931,1.4405317013716408
10,9,-58.04737854124365,-67.90236084015929,2.5959587758078526
10,10,-58.04737854124365,-71.16963421366249,15.404481108224205
10,11,-38.16496580927726,-58.50146868453912,3.122999767327262
10,12,-38.16496580927726,-57.057961395366675,4.334411561478878
10,13,-38.16496580927726,-55.86031314072735,6.221003287150151
10,14,-31.380711874576985,-49.430098527151095,9.944040295997453
10,15,-31.380711874576985,-39.34380010103121,6.191173482233634
10,16,-28.164965809277263,-36.301059786255195,3.0810129364335777
10,17,-28.164965809277263,-32.95520075172209,3.2825773392106994
10,18,-28.164965809277263,-29.997941066498115,1.5920379008101084
10,19,-28.164965809277263,-28.390068033848237,0.820488014201025
10,20,-28.164965809277263,-44.62372435695796,29.02881669638906
10,21,-28.164965809277263,-28.16496580927726,3.552713678800501e-15
10,22,-28.164965809277263,-28.16496580927726,3.552713678800501e-15
10,23,-28.164965809277263,-28.16496580927726,3.552713678800501e-15
10,24,-28.164965809277263,-28.16496580927726,3.552713678800501e-15
10,25,-28.164965809277263,-28.16496580927726,3.552713678800501e-15
10,26,-28.164965809277263,-28.16496580927726,3.552713678800501e-15
10,27,-28.164965809277263,-28.16496580927726,3.552713678800501e-15
10,28,-28.164965809277263,-28.16496580927726,3.552713678800501e-15
10,29,-28.164965809277263,-28.16496580927726,3.552713678800501e-15