4.112508360928361917e-01
1.000000000000000000e+00
8.904585187117408651e-01
3.636621821292565504e-02
3.112315588917886622e-01
6.645318638079897866e-01
1.347460738342138309e-01
6.139175259942075691e-01
-5.630662219833761917e-01
-1.077360522651754082e-01
2.849994969804645617e-01
-3.348483925288952001e-01
6.768456899139754235e-01
-4.403800558739112692e-01
-1.871556926723733638e-01
3.069276906442230946e-01
-6.641793664714785717e-01
-3.636580156756585858e-02
-2.034463624057148423e-01
7.769824083959939731e-01
2.497838848556269697e-01
4.256628334568610672e-01
9.539461146224390564e-01
-8.461999286639185769e-01
-4.572082245034914116e-02
-8.576621786155447236e-01
-1.000000000000000000e+00
-3.789147801012153760e-01
1.000000000000000000e+00
3.422485879653767160e-01
8.506416414246064095e-01
-3.252871254656727329e-01
1.142160605752924329e-01
5.636429421529087769e-02
-1.291963876279971501e-01
-3.667938738198235349e-01
-7.014597624532972198e-01
3.689320672912579369e-01
-4.970275593242968748e-01
-4.384278824503649030e-01
7.997809452092251581e-01
5.607581835234598522e-01
5.972963029156381776e-01
5.475678458424455552e-01
-1.000000000000000000e+00
8.152676211394315198e-01
-8.258334846604054036e-02
-7.200265784463155683e-02
-1.000000000000000000e+00
-1.586370728120751750e-01
-3.592419612103416870e-01
-8.769695435443902731e-01
-1.000000000000000000e+00
-1.000000000000000000e+00
-5.660910999274217925e-01
1.829711381601326625e-01
9.810836785026569307e-02
1.399093434348659404e-01
-8.164827949586028755e-01
7.206275773405329543e-02
-5.330887713862677568e-01
4.187429104543172187e-02
-1.000000000000000000e+00
-5.681312236122086912e-01
8.931878626998486226e-01
4.531612463557930237e-01
4.543852922124251847e-01
6.880079226783712976e-01
7.713382671485566888e-01
-7.133719375299742982e-01
1.000000000000000000e+00
-6.131322865147836865e-03
-9.024944419233218440e-01
3.649260429763112601e-01
4.565336235545734977e-01
1.000000000000000000e+00
-2.428070543311526830e-01
8.455683961581128560e-01
8.481716220405507434e-01
9.243500644849556025e-01
-5.797530646959059286e-02
-5.689075737147153422e-01
-1.844702198397010218e-01
5.262613615034050785e-01
4.313022557932135737e-01
-7.197789150362774446e-01
5.086804066700874039e-01
7.068224916931826751e-01
6.821223312747379808e-01
-6.227212340905453614e-01
-4.513777351971164364e-01
-1.000000000000000000e+00
-5.549238161971424832e-01
1.000000000000000000e+00
5.655329018818751052e-01
2.546453211362060820e-01
-3.118544804818634830e-02
-5.581951426013007644e-01
1.527488858317243015e-01
-8.967834440542625796e-01
-8.940500816743135459e-02
-8.637618665188321332e-01
-9.594560180432475383e-01
1.439752727881961902e-01
3.012305143231011062e-01
8.769884433652035405e-01
-2.282186333463545047e-01
-8.176432824212616080e-01
1.615019341114082851e-01
5.028772250819609768e-01
-1.848217557529758803e-01
-7.577888867362476688e-01
-8.524487559486120247e-01
-5.839699173403203325e-01
6.226337660108738348e-01
1.567673621665013339e-01
-4.014844569063888979e-01
-1.092887885445269353e-01
-8.168535480371519331e-01
-2.397034185932371830e-01
-8.698809318709865845e-03
-8.054333175531644962e-01
7.613734425346996293e-02
2.155832612799146730e-02
-8.940293238432650558e-01
-7.609320343242602647e-01
-1.000000000000000000e+00
1.152654161725580328e-01
-4.269589341344964817e-02
-3.135406557264012184e-01
-4.393780288752562324e-01
-9.590503205355045413e-01
-8.458140773211872410e-02
9.382973370114213729e-01
1.000000000000000000e+00
1.051753146627589786e-01
-5.219746435758154668e-01
2.514943969597465134e-01
1.957762779240810325e-01
-6.536250528301814633e-01
-1.000000000000000000e+00
9.031163245559162833e-01
-5.858204665714611403e-01
9.775104173492590309e-01
1.394997551807763969e-01
-4.967346073730175560e-01
5.967862755894959292e-02
-8.098878962130942050e-01
1.000000000000000000e+00
5.200724980490152305e-01
4.151325389302913393e-01
2.842896287870684269e-01
1.000000000000000000e+00
-1.595754721559450307e-01
7.852974869872730856e-01
-1.000000000000000000e+00
-3.243062432073650081e-01
-2.656412628875719495e-01
1.366270968885348325e-01
-8.603796405695756100e-01
-6.090642443483487156e-01
9.453494092722758424e-01
9.935523460094919379e-02
1.239548633824056889e-01
-2.220659489762486505e-01
4.126300872993098334e-01
-4.019682821892622826e-01
-8.301082731032856099e-01
-6.425378834253971938e-01
-8.480663459406838633e-01
1.639326978062396467e-01
-7.053526791624968872e-01
1.000000000000000000e+00
-8.866306355944073569e-01
-5.470884404621445540e-01
8.026209272735277400e-01
6.884309765796883251e-01
7.437512792672372752e-01
4.307260023050869524e-01
8.409911586639802206e-01
-9.508159408568284121e-02
1.000000000000000000e+00
1.841990108664357528e-01
-3.513412694489609356e-01
-1.384045551330557178e-01
-2.376244170090148211e-01
7.297882107160895693e-01
-1.665405325588028007e-01
3.625594086689272189e-01
8.319201669733087279e-01
7.209508358631502301e-01
1.000000000000000000e+00
5.168065264846846141e-01
-2.134603152734103060e-01
-9.425801016474359972e-01
-3.620095163287218032e-01
1.000000000000000000e+00
-1.000000000000000000e+00
-9.211046378963430037e-01
8.601078933552975814e-01
-4.338829812762512450e-02
-4.387623020381388184e-01
2.842803996325137250e-01
9.571687124965748694e-01
-1.267882482852105142e-01
7.941463385419497145e-01
2.863358041436259160e-01
3.132303084116492831e-01
-1.041631054296390246e-01
1.000000000000000000e+00
-1.000000000000000000e+00
3.800838906300005871e-01
5.145254693117022882e-01
1.000000000000000000e+00
1.000000000000000000e+00
-5.811538233749314886e-01
6.364615295323530209e-01
-7.975441302039443237e-02
1.000000000000000000e+00
-3.908401434606356695e-02
8.101294841191062357e-01
-6.890769449644660316e-01
5.592188566039020259e-01
1.000000000000000000e+00
-4.474160709771795030e-01
-9.904846002591873866e-01
4.632681191134704335e-01
-7.522375484135548351e-01
-4.836454780991401581e-01
-7.794889505276683117e-01
9.751333080900959072e-01
1.028736413349800038e-01
-1.000000000000000000e+00
-1.360023362856428442e-01
8.309217539776769801e-01
-5.364199996071159493e-01
-5.864847865842736097e-01
6.898509559967782589e-01
8.615982917448068434e-01
-3.644990585774070535e-01
-6.182447776945129148e-01
-4.438111592435218800e-01
2.983461712930542964e-01
6.945290660453584675e-01
-1.000000000000000000e+00
-3.062330664386481160e-01
-2.520694456859781662e-02
-1.186548224883596792e-01
-5.730895179868489286e-01
-4.673047805153344725e-01
-4.234188003425671809e-01
-2.448624927736459123e-01
4.570309810052863853e-02
-2.978728802084740224e-01
6.752064718069674676e-01
1.000000000000000000e+00
5.713717986319382103e-01
4.104590456973572499e-01
4.511260945297980718e-01
4.736096331248969005e-01
5.147593047820495649e-01
-6.172816255103985572e-01
8.185969397855572538e-01
1.000000000000000000e+00
6.077428886008435782e-01
