1.000000000000000000e+00
7.884495735075287559e-01
-6.971700795142004026e-01
-3.489081561936879794e-02
-6.054994925061207844e-01
-6.972732050249408342e-02
-8.638441675565013966e-01
-3.327825982963006357e-01
1.332704425161977402e-01
4.324076382654173933e-02
-8.871988038477240934e-02
2.656337415488678744e-01
-8.224852131568225477e-01
-7.029257527813237427e-01
4.420541820827752488e-01
-1.000000000000000000e+00
1.000000000000000000e+00
7.063409596714824712e-01
2.781397894990336739e-01
1.292485821567344040e-01
2.467408197446301354e-01
-6.071664459945131931e-01
1.000000000000000000e+00
1.980628893656888323e-01
-1.245614328671580395e-01
-8.739831953832883915e-01
7.469056714429709309e-01
3.564515774625067746e-01
-6.620708069956597885e-01
2.296825941458007225e-01
-6.839222084947870206e-01
1.000000000000000000e+00
4.196325246674740272e-01
8.326426104662983940e-01
-9.956356258732610431e-01
-9.237320927600829457e-01
-1.781304480911782839e-01
2.130903890832980263e-01
-4.368315789990542264e-01
-9.382187311389875717e-01
6.720192069675308133e-01
1.000000000000000000e+00
5.248147203955122464e-01
-4.711768361174113462e-01
-1.000000000000000000e+00
-5.561142199727506785e-01
-7.385803090882401278e-01
1.250518823773736077e-01
5.681923310804282146e-01
3.886855908984325758e-01
-1.512564870740924494e-01
2.899271988346165951e-01
5.035034404968605770e-01
-1.000000000000000000e+00
-5.219512002942297002e-01
7.758338639709561058e-01
-1.775525161498014981e-02
1.000000000000000000e+00
1.000000000000000000e+00
-6.086967015581672413e-01
-7.003706249543306672e-01
6.562884133266779774e-01
-4.315749139497833120e-01
1.753496491980358063e-02
5.801181941266082553e-01
7.993343961259701258e-01
-1.000000000000000000e+00
8.244703171927623142e-01
1.216588581199762320e-01
5.865610840791340985e-01
-4.383691128102586987e-01
-1.225790181721841954e-02
-1.000000000000000000e+00
1.000000000000000000e+00
1.000000000000000000e+00
3.931163408205956555e-01
2.446567208208829669e-01
-1.000000000000000000e+00
-7.333954015902535151e-01
-7.452139504321086960e-01
-1.518390332329875303e-01
3.282095436627623375e-01
-3.584269600511806875e-01
1.400391406169682051e-01
-5.614828959705568945e-01
4.191369927008498641e-01
2.020625379042922942e-01
-1.106816920713720176e-01
5.519302112498429835e-01
-4.170331715493365010e-01
-4.971193117950676310e-01
5.670300332136801735e-02
2.651026042727056553e-01
9.421606944080075374e-01
5.087017278947709720e-01
6.534483005157314395e-01
-6.831070885974777074e-01
-6.735027405819959956e-01
-1.000000000000000000e+00
3.754434119333858177e-01
-1.524461506622396545e-01
1.000000000000000000e+00
5.624752297115700461e-01
3.756424997611012007e-01
-2.190621143246715974e-01
9.191829806008899872e-02
-1.000000000000000000e+00
-4.225432399550683726e-01
-3.457015436067931713e-01
1.492212166812456609e-02
7.383760025154623152e-01
8.596387140562506968e-01
-1.101683951114474924e-01
-3.031462608602892850e-01
-4.084489478179904598e-01
-2.576644392497362546e-01
-7.748168671304891397e-01
1.000000000000000000e+00
-2.312280986661647830e-01
-2.009153468834813383e-01
-4.263407354283830220e-01
-6.417674283578473915e-01
-4.707429506296223476e-01
3.110041133342761333e-01
1.869605450060092267e-01
-3.141310032793542817e-01
-2.923158857720089543e-01
-1.122119306058011468e-01
1.647289474635768580e-01
-5.078204505009562553e-01
-9.932472213279501805e-01
-8.736126926558815953e-01
-5.420057650406677752e-01
-8.385243231841439382e-01
6.761837886771240314e-01
-5.787922077770528695e-01
1.595979365651700732e-03
1.854048071572147460e-01
-3.081656219489987691e-01
-8.945204443931575877e-01
-2.668930957420156957e-01
4.985782377980760849e-01
4.536732251534787430e-01
-2.139117873463398656e-01
-3.245178686913015031e-01
2.481102312150114120e-01
2.798549554550011642e-01
2.511274045609457328e-02
-3.618998612386923330e-01
-9.628216269121823156e-01
-3.037237349795762764e-01
3.729249347920537971e-02
-9.134341412748426814e-01
3.439142203736118564e-01
-4.295287418179511985e-01
5.417316534603124900e-01
4.728589282254302972e-02
-1.000000000000000000e+00
-1.000000000000000000e+00
-8.473243705526380953e-01
-1.157626786645978845e-01
4.437421879556362470e-01
1.418693076382033791e-01
-8.150405979574413262e-01
-4.838377953281951527e-01
4.746000971357491882e-01
-8.989460233840778081e-01
6.730297733774770474e-01
6.193259897559393323e-01
9.973631505875966141e-01
-1.338264502499781072e-01
-3.035103371894780633e-01
-1.096239158965466309e-01
-8.073748461852345848e-01
-6.946786448964377136e-01
-7.660953963646042197e-01
-5.926195322923692999e-01
-8.740087745196361002e-01
2.950343405450945866e-01
3.659345908150148929e-01
-5.587227823805587246e-01
6.703712414625493388e-01
-7.049670821240833218e-03
-5.234099145164408107e-01
-7.813744334021708315e-01
-5.378797853681118735e-01
-1.000000000000000000e+00
-1.000000000000000000e+00
-1.870804448059470992e-02
-6.670065779255198724e-01
-1.000000000000000000e+00
7.404967840302627557e-01
-4.897504091148596750e-01
-5.394616762490922479e-01
-5.384156274290603506e-01
9.615077383002322842e-01
8.449923797924663305e-02
3.947999170539335800e-01
9.606715305015538497e-01
-5.796112842992258152e-01
-1.000000000000000000e+00
-7.545696883327668303e-02
-1.000000000000000000e+00
-1.360400316399066334e-01
7.427023672702872670e-01
-2.896768536805764960e-01
-5.285572572594574581e-01
6.878309987745857557e-01
3.275302369184394102e-01
5.026238860880438697e-01
-6.919306120519583825e-01
8.696082775954483424e-01
1.000000000000000000e+00
7.251953314304011577e-01
7.978504968231332484e-01
1.000000000000000000e+00
-2.213008254540129727e-01
2.395909353960294919e-01
5.752720076326895970e-01
8.148045080329762158e-01
-1.652508171742619325e-01
-2.286871514812536255e-01
-9.752786299768736455e-01
-1.486114152497764462e-01
-9.190416841349684507e-01
7.065279910930355456e-02
-8.219642054466966830e-01
1.000000000000000000e+00
-9.539314482530587558e-01
3.549250181582233044e-01
5.025494529356444584e-01
6.292477499581239364e-02
-8.820141549945994530e-01
1.000000000000000000e+00
3.558396580928564479e-01
-1.000000000000000000e+00
-4.330041262291851600e-01
-6.394274874730949687e-01
5.414323627308184061e-01
-8.332800296488873659e-01
-2.882374714838185081e-01
7.805117571951769584e-01
-6.774377724908191567e-01
1.378804731861856536e-01
-7.921967504970048868e-01
3.919174748456755175e-02
-1.000000000000000000e+00
8.373312417003919705e-02
5.178083225878531426e-01
4.570846799888617085e-02
5.526150064304575782e-01
-7.014702007485432711e-01
8.348716580317629976e-01
-1.981695513619599058e-01
1.000000000000000000e+00
4.677322718303893456e-01
-8.523449622543222137e-01
-5.223098594939666606e-02
-4.736479425252071440e-01
-1.724847109797764677e-01
3.655819660628661927e-01
4.972246034686418348e-01
4.324547396199207583e-01
9.257203410026770829e-01
-1.745915346530542145e-01
