-1.155211599201613204e-01
-3.643842608796729055e-01
7.272728783489865734e-01
-3.905987955855587668e-01
8.306071040121976168e-01
4.855750803689411477e-01
3.082116628947275672e-01
4.064229525053644210e-01
3.831274747895067057e-01
-4.845952243035596130e-01
1.661501313426856086e-01
9.107764918759038153e-01
1.000000000000000000e+00
1.000000000000000000e+00
8.515327118247197902e-01
1.000000000000000000e+00
-6.281049015742911079e-01
-8.120083187881010911e-01
4.737515056051599394e-01
-4.081175929379243783e-01
-1.284565601765758069e-01
-9.189282062609738233e-01
-7.725622889135628224e-01
1.000000000000000000e+00
1.432115824532940174e-01
6.867562420670996204e-01
1.602647669124694918e-01
-5.214473651908593244e-01
-2.911843220343339755e-01
7.605769021624328996e-01
-1.000000000000000000e+00
7.665811879255877148e-01
-1.032128248061989773e-01
9.359423786907238030e-02
-8.325108557409082177e-01
-7.193343216017883401e-02
-1.209684850395928990e-01
-9.456198117197380792e-01
-7.017099148873522374e-01
1.000000000000000000e+00
-1.000000000000000000e+00
8.316944546430371510e-01
-1.000000000000000000e+00
-4.569763821673745174e-01
-8.162567264840205894e-01
3.437711079681627924e-01
7.310805475343920001e-01
-2.026382932322766117e-01
-1.000000000000000000e+00
-6.141968421011683166e-01
-2.322729907258060389e-01
5.504660975795934164e-01
7.540868404949634396e-01
-4.297692143357031425e-01
-5.265615920798247807e-01
2.855674907445213684e-01
-5.175110649701504251e-01
8.549979081795869851e-01
1.351257797938818506e-01
1.773264581453048994e-01
1.000000000000000000e+00
-6.705265477554509523e-01
-8.171169370740146709e-01
-6.706274775022502688e-02
8.166554614371874798e-01
1.000000000000000000e+00
6.088627968842881266e-01
5.953391087955075545e-01
-5.204576405208549694e-02
1.000000000000000000e+00
9.950769025477493868e-01
1.185827257824252356e-01
-9.768578292774044991e-01
3.965665848106756375e-01
6.094807962019885839e-01
-1.613149754435938554e-02
-8.931339689588000397e-01
-7.974729122438490858e-01
-9.454769864826739756e-01
3.180812037244304946e-01
-5.105108367289334925e-01
-6.098212839972805277e-02
-1.000000000000000000e+00
-9.170916882712769613e-01
-2.452147870245340588e-01
2.030536949564862026e-01
-1.000000000000000000e+00
-1.000000000000000000e+00
-3.431410190151964468e-01
-1.429672344845068777e-01
1.000000000000000000e+00
-5.671304215343155875e-01
1.000000000000000000e+00
4.906097857548818997e-01
6.240658595596726421e-01
-3.569235176906129237e-01
-3.805337399009530164e-01
-1.184548920546687478e-01
-1.000000000000000000e+00
2.916183905917497654e-01
4.628392118558686263e-01
6.037331655828106491e-01
-8.074387930401516478e-02
-2.891981344622898131e-01
1.592824854914529631e-01
-6.576239063086641856e-01
-5.976700907725707168e-02
9.882144753403190318e-01
2.240151888022106075e-01
-6.250212631756515425e-01
-1.540864498267098259e-01
-1.000000000000000000e+00
-2.817032908723149376e-03
-7.789794025424923163e-01
-6.629535820507606037e-01
-2.126970883350238761e-01
-7.524660277444401579e-01
-1.126949576967402750e-01
-3.122968724803192320e-01
8.527639882612825240e-01
-1.505547856401157070e-01
-8.494564253982834767e-01
1.316820324676849785e-01
-3.195373349869641277e-01
-7.634795540241201550e-02
-4.796697922466348629e-01
-1.000000000000000000e+00
-3.969182220920075554e-01
2.012529554663644582e-01
3.794752129760057269e-01
1.066533866644363560e-01
-1.000000000000000000e+00
-2.622869884996936740e-02
-9.906143216953052777e-01
-2.671397208150030345e-01
2.876037717377570857e-01
-5.503963282412058788e-01
4.618252903086461636e-01
-3.230907180416136004e-01
-9.062097306818770459e-01
-1.627392253068059014e-01
4.138181525232842439e-02
7.920171727946837548e-01
8.425478960573958842e-01
-3.304079845122008807e-01
9.671621031740555985e-01
4.632060655782233582e-01
6.625946163865141791e-01
5.104064771180164550e-01
-6.075729190222589615e-01
-8.289625924607504359e-01
-4.513392671424829583e-01
9.036983761395465109e-01
-2.695967540950470198e-01
-1.445890437455484845e-01
3.867792287172355792e-01
-2.162910380329163829e-01
8.819514486166031286e-01
9.240986245607818450e-02
4.992928981899853458e-01
3.287141142941403804e-01
2.688504436507639928e-01
-8.101323919867693402e-01
-8.996645947896952933e-03
1.000000000000000000e+00
1.000000000000000000e+00
9.303216618801082305e-01
-1.000000000000000000e+00
-9.722023984938812369e-01
2.399845997118865704e-01
7.744321621671179656e-01
-8.362265671067770079e-02
1.000000000000000000e+00
-2.420975169296866181e-01
-8.382597548769887830e-01
-6.911121159307360706e-01
-4.668378358218201463e-01
-8.532923654951631853e-01
-9.849138905952874445e-01
-9.555088790351493611e-01
9.135532377548420957e-01
1.000000000000000000e+00
7.442343393346356750e-01
-1.157006777535438680e-01
-1.438201205995446319e-01
-2.012805446007093213e-02
2.437153460404812844e-01
7.118499414013237381e-01
5.853399822985506651e-01
-2.382299627229025329e-01
6.288040058137385202e-01
1.839999903078504695e-01
-1.774388833110769337e-01
-7.093119086775405702e-01
-9.843534949234937770e-01
-3.461894884492827673e-02
-2.829306714053259064e-01
6.746370545861357648e-02
-2.885309564573259600e-01
9.048231323672095705e-02
6.272411612133368397e-01
-5.054095161392080371e-02
6.877318442521840325e-01
-5.105855674724149029e-01
-1.227162703569254498e-01
-1.000000000000000000e+00
-1.000000000000000000e+00
8.100555087960703560e-01
8.988314672856949628e-01
-3.316933323493698182e-03
-5.401112682506300500e-01
2.121754048810473581e-01
-3.982080690257752686e-01
9.095553481241036575e-01
1.000000000000000000e+00
-5.603380742214378873e-01
8.921229094423264172e-01
4.357881408770623022e-01
-4.722899921374288379e-01
8.040543922760182705e-01
-1.000000000000000000e+00
-5.659286580536390110e-01
1.614492778986341970e-01
2.090334584730610956e-01
-3.107859633917049447e-01
-4.420786294874701206e-01
2.320441306382263758e-01
9.439714689870115638e-01
3.900213767977511736e-02
-5.668938474188722765e-01
-1.580047480150654216e-01
-5.140913455165787571e-01
-6.378373825526520990e-01
5.056523073298744286e-01
5.514278261910192658e-01
5.820570962631550493e-01
-5.767457116603531553e-01
-3.560225973275481515e-01
7.925532987213854685e-01
9.139639125580951706e-01
7.370695576349658440e-01
-9.716025361317732756e-01
5.634818074234841934e-01
-8.669400235237767482e-02
1.000000000000000000e+00
-5.419528663459690643e-01
2.221631692100047850e-01
-6.540291447109337630e-01
3.543758035303117282e-01
-2.751634375706829561e-01
-8.587119718131789314e-01
-9.483588291855173935e-01
-1.000000000000000000e+00
1.000000000000000000e+00
-4.705050752220103494e-01
-6.659259595260249576e-01
7.705294946976743997e-01
-8.892145841948853047e-01
-4.446331431743699714e-01
-6.332513152604628548e-01
2.255958405767004571e-01
6.709751516138879879e-01
9.027075253570429059e-01
-2.297321970859019236e-01
-3.114925029222634922e-01
