1.000000000000000000e+00
8.969021055741330795e-01
1.000000000000000000e+00
-3.903352791474051231e-01
5.392592171788794797e-01
1.690683527568961342e-01
1.000000000000000000e+00
-8.953202967651066047e-01
-6.209750167778618213e-01
1.000000000000000000e+00
3.519978208927927454e-01
3.455181101159108259e-01
4.849643946958239749e-01
-1.740062817545047213e-01
-5.467623711107230111e-01
2.459462737522846165e-01
-6.836867957431080889e-02
8.998613913185805613e-01
2.268248905546033090e-01
-7.048472922727256895e-01
-3.622116054689310527e-01
4.115230377313782717e-01
1.686802202972330078e-01
-5.912778966022738114e-01
-8.828759163873534099e-01
5.781995880052237524e-02
-8.943224083892900023e-01
5.977436175407560004e-01
-1.324171929329445163e-01
3.775875812532438758e-01
-1.000000000000000000e+00
2.927738124520885554e-01
-6.781291198584018520e-01
-5.775044191118867687e-01
-1.111715404342649982e-01
1.000000000000000000e+00
7.815349578519890095e-01
6.895039865479417607e-01
-5.089332744701990929e-01
1.254728471535382361e-01
1.062262479898341550e-01
3.125194915091751291e-01
-4.773352623537634454e-01
6.954570077065811429e-01
3.974696415383296433e-01
-1.944060986194928731e-01
-5.751680287172293848e-01
-3.571892749265220823e-01
3.429316799277408734e-01
7.571972755106086694e-01
1.093588135001568595e-01
6.051392036761094051e-01
7.581485665779112981e-01
1.929601445768098777e-01
3.466396517104657349e-01
-4.952768036086241388e-02
1.000000000000000000e+00
-3.643235021421188380e-01
2.462039180043142927e-01
-9.471429102500186770e-02
-7.964299409717412459e-02
-3.460956143662714535e-01
-2.129913507694103370e-01
-4.560158394593754050e-01
-4.993141930133049300e-02
-1.261147480904589724e-01
-5.226273397237650720e-01
-2.265633230581387547e-01
6.237901757376982381e-01
-3.169056070340767750e-01
-1.000000000000000000e+00
-1.355772953570164585e-01
-7.683089012716459720e-01
6.473502786273057641e-01
3.401025702042299037e-01
7.618306429359751331e-01
-1.000000000000000000e+00
-1.269999668274888194e-01
-4.633367844332663132e-01
6.180951703987953572e-01
1.162023791442163834e-01
3.172754996320983345e-01
9.200255861402188984e-01
-3.240870779644611233e-02
-8.977985640544797197e-02
-1.908354811127908057e-01
7.346926793019403767e-02
1.000000000000000000e+00
9.246893415908197245e-02
-1.000000000000000000e+00
6.613249934098974769e-01
9.250505311912597950e-01
4.275740733942168248e-02
-9.566240117195530246e-01
-5.309771863277668036e-01
-1.914432256609563954e-01
1.000000000000000000e+00
4.064155549749046692e-01
-7.412139833549075130e-01
-1.246616133791820236e-01
7.273998927156466454e-01
-8.814007821338105675e-01
-5.239021998946347125e-01
8.490357522664326861e-01
-2.849766855910637053e-01
-6.332974436001526097e-01
-5.137043097968188032e-01
1.892797473538057051e-01
-1.000000000000000000e+00
-4.607250486682129553e-02
-3.208720865659052679e-01
8.808162375321754167e-01
4.673132330818707825e-02
-1.000000000000000000e+00
-3.361906143104449463e-01
7.185922143765988146e-02
7.551548195106209116e-01
3.071204957532123747e-01
9.000627755763828119e-01
3.741503762165936386e-01
2.447003110001975124e-01
-5.419346929015502745e-01
-9.726962055094363624e-01
9.942765358039151735e-01
9.546893318477833734e-01
1.073250459575951776e-01
-6.687287995867350343e-01
1.000000000000000000e+00
2.867080624948596945e-01
6.432840112703419599e-02
4.210231698821242929e-01
4.279967793177170687e-01
-1.000000000000000000e+00
-8.499986449647409792e-01
1.000000000000000000e+00
-3.889145312399773236e-01
-8.021338405102951263e-02
1.282038929183300091e-01
5.716448282313948415e-01
1.000000000000000000e+00
-3.396796135493127533e-01
1.000000000000000000e+00
6.162405837265452213e-01
-1.000000000000000000e+00
4.311331987325957016e-01
5.295918447512575344e-01
4.175025058562120139e-01
9.615077793052846378e-01
3.600530501723118171e-01
-7.570141024685534958e-01
1.212094512512005284e-01
-1.000000000000000000e+00
9.347707719621003442e-01
5.979152936832232701e-02
-9.975093800314729364e-01
8.354241013381842329e-01
2.586004069081475620e-01
-4.802377085474947016e-01
3.689095439067431315e-01
4.300422092817739461e-01
-2.492763883528577029e-01
5.987081887792238266e-01
7.612665358229211421e-01
4.656209070926704552e-01
-6.115964319081139688e-01
9.844473913807169074e-01
-6.500232769977030145e-01
-2.242879880064005960e-01
-7.930384287004400568e-01
4.808470866057994453e-01
9.819237236588489459e-01
-7.057996457097375220e-01
6.968783541106378099e-01
-1.000000000000000000e+00
1.996752620518593702e-02
5.099403364168797470e-01
-2.047720238756417510e-01
-5.153485249260560952e-01
2.810372650614691992e-01
-1.667749211188250813e-01
-2.366339282594287496e-01
-2.480481474066393854e-01
-2.751986176617673419e-01
-3.865542508906385510e-01
-5.125394480483997928e-01
-5.950166561164060841e-01
2.500311808919719603e-01
-9.616176363532685789e-02
-2.451953537760072355e-01
9.163194266022316459e-01
-4.458146277519270395e-01
-2.515900258450410876e-01
-1.381727594909671897e-01
1.025374877401852847e-01
7.208851115101269080e-01
1.331545109587044529e-01
-7.235742485935134916e-01
-1.330927687433298701e-01
9.991173967243915932e-01
8.148078726296947849e-02
-1.000000000000000000e+00
-1.283300706648405898e-01
-8.672857668750344473e-02
7.573735391425056029e-01
-1.000000000000000000e+00
2.612283064984253222e-01
-5.567322294721452902e-01
6.036905058826931292e-01
1.530791354492790912e-01
2.696900537950119858e-01
-7.578850159685028842e-01
-3.690075272326466815e-01
-5.574340191542914713e-01
7.328440814520291724e-01
-8.215137355377768458e-01
-5.366702597925736562e-01
1.959458791573978065e-01
3.396401675701852252e-01
4.571551799340992650e-01
9.452609983995928500e-02
-2.202596039414483897e-01
-4.218785009162249189e-01
7.717217318874104448e-01
-2.343915699102809835e-01
9.043194417166247057e-01
8.248570405653771198e-01
-8.016429976232890553e-01
-1.000000000000000000e+00
8.053090256709862782e-01
-1.000000000000000000e+00
2.236980619756028243e-01
-2.739439107012744401e-01
-7.804895239178306632e-01
9.726620764204207958e-01
-9.474264364677353889e-03
-6.583861558495632260e-02
4.969751299255003030e-01
2.198391150271286065e-01
1.000000000000000000e+00
-8.352804417068004916e-01
-4.152102107819160559e-01
4.399585907962766385e-01
-1.753173162881020986e-01
-1.673697819647581575e-01
-3.472143121302576074e-02
-3.998385522774461354e-01
-1.000000000000000000e+00
7.912760714903595005e-01
-5.769088592455264841e-01
5.277440902512653409e-01
-5.195576977514304584e-01
3.302215334718489603e-01
1.872548889126252614e-01
-9.658148556441463750e-01
5.127151435654359046e-01
-3.548209582303033516e-01
1.000000000000000000e+00
1.000000000000000000e+00
5.875482528676828631e-01
8.876643201635172620e-01
4.120460905041696820e-01
8.103718695093026225e-02
3.197990679190142460e-01
2.429631447451852111e-02
9.176192476268804077e-01
