1.889069957978710690e-01
-1.000000000000000000e+00
-1.000000000000000000e+00
-3.761159957113870966e-01
-8.115286526394271949e-01
9.644883548975395904e-01
-6.778783702623643048e-01
1.000000000000000000e+00
2.874274624100452424e-01
1.000000000000000000e+00
1.000000000000000000e+00
1.169650647699851526e-01
-1.995572953965941143e-01
-3.818652619776761181e-01
6.202150860241268937e-01
6.754524158188556227e-01
1.691328119956040099e-01
6.569131109248371736e-02
-2.833667591778856742e-01
2.667453290634531626e-01
3.499818914891611454e-02
-8.132655582565779806e-01
3.971869591380899900e-01
9.835470529004346485e-01
5.955917690781493690e-01
3.411911121111343981e-02
-4.843811030581702259e-01
6.033759599494873394e-01
4.936591042502270765e-01
3.923866356702001568e-01
9.396291281599391532e-01
-3.499939113026110937e-01
-6.226663132256164968e-01
-7.429972365948862567e-01
-2.238991302034862851e-01
9.437398504412336520e-01
1.000000000000000000e+00
-8.257695545013179483e-01
-2.150031004238104337e-01
7.845658391977197166e-01
7.930859561835877924e-01
-8.489732087516383974e-01
8.078331726670751056e-01
2.574761722721824464e-02
8.859106385131796380e-01
1.000000000000000000e+00
4.798074717754809981e-01
3.108243058535924419e-01
1.000000000000000000e+00
-1.000000000000000000e+00
7.205408170729330486e-01
-4.306407149318638439e-01
9.003615782598783923e-02
-1.362426068148148151e-01
-1.000000000000000000e+00
-6.610452140981731839e-01
1.452031536803393141e-01
5.099001285957065477e-01
8.681460352076371123e-01
-3.545327089673366294e-01
-1.000000000000000000e+00
8.870935399497736906e-02
6.702326020395021899e-02
-2.773481273186195750e-02
-7.828230710747712262e-01
-1.000000000000000000e+00
2.568547433042140948e-01
5.200592243508572743e-02
-5.645116720055645132e-01
-2.629542652907439493e-01
2.756734684100139443e-01
9.225898038462654327e-02
3.316591954419236266e-01
-4.861120706906848499e-01
-8.161412607498541583e-02
5.970560251970886689e-01
2.997758947141264674e-01
1.000000000000000000e+00
-2.082151678183143950e-01
-2.568754367873529176e-01
3.032500270875559956e-02
8.961094447088284731e-01
-4.257242177497746471e-01
2.346547201061395249e-01
2.504987309311212940e-01
-3.215177027266904464e-01
7.913060564809555331e-01
2.217233341670266089e-01
8.054226555222947503e-01
7.001240589531279035e-01
1.958582183923534004e-01
-9.558498309982295105e-01
9.553658451969981869e-01
3.656416659439558625e-01
-1.000000000000000000e+00
4.538553907114450947e-01
-4.528298041484477565e-01
7.265914836117095543e-01
7.483200892063183174e-01
3.734420278362777790e-01
-7.606639609196477192e-01
9.876176080679091029e-01
-5.018668474356132725e-01
1.693709728405946857e-01
-2.283264701495630877e-01
4.270676423313650716e-01
2.596039505874385700e-01
1.000000000000000000e+00
-4.676299065813908640e-01
9.514519665396344861e-01
3.799793889246119161e-01
6.210645379292397683e-01
6.914290768099946582e-01
3.362495196246919615e-01
-9.743484243824396263e-01
5.195386353641804345e-01
2.602458968573002629e-01
3.904942635435854625e-01
-9.778762215961689375e-01
-2.262442498516874512e-01
7.904266475063432829e-01
-5.111225049033654155e-01
7.405811130055360847e-01
6.299903874276440163e-01
1.767988089320084999e-01
5.917643947482527089e-01
-2.293148312524353472e-01
-2.738535512306403685e-01
-6.263658634925641788e-01
-7.881772848770391970e-01
2.888650742454401676e-01
-1.000000000000000000e+00
-2.062399163005870228e-01
1.889988087332455935e-02
-4.967687378365208684e-01
5.791158760533033911e-01
-6.482180680466345102e-01
7.281812025714262671e-04
-4.666629147629062224e-01
7.342842757627865424e-01
3.730670451891970885e-01
-1.114045194575581377e-01
5.368802425102362497e-01
4.051184798726965575e-01
-1.000000000000000000e+00
4.130970506787472463e-01
4.001223129878122009e-01
2.602333870013355810e-01
7.360439304529027282e-01
-4.397049415394334027e-01
4.986506576443130445e-01
1.000000000000000000e+00
1.000000000000000000e+00
1.000000000000000000e+00
-9.410903490864281906e-01
2.258708942299472167e-01
3.762921195865276403e-01
-4.134254991137462087e-01
6.704002608853483203e-01
-1.000000000000000000e+00
4.985704269883357576e-01
-8.404705376898269353e-01
-1.500610644986763997e-01
-6.341599654971603606e-01
-2.632753445418756222e-02
-8.049075058710306596e-01
1.792081154785472030e-01
-1.560933181641976919e-01
7.347106051270588800e-01
-6.198114889718064902e-01
6.430205214272108893e-01
7.684831532032763146e-01
2.892462373693760469e-02
-7.997576534356631850e-01
1.126477046293864331e-01
-3.957659471340522206e-01
4.669385591232211308e-01
-3.563251500141202399e-01
-3.460523047917551942e-02
3.485749721554634029e-01
-3.139567802592013734e-02
3.791804352729918337e-01
-3.035472018317118548e-01
-9.773553025599430732e-01
-8.302991910570822753e-03
8.838276769453596859e-01
9.920847410039885794e-01
9.495069603063925889e-01
-1.000000000000000000e+00
7.319685324400044824e-01
-7.230677291806713036e-01
-9.243670211048473639e-01
-5.800281032425067540e-01
-8.062405533618817177e-01
-1.497646054936281335e-01
4.767552983986758086e-01
-7.769612060444315293e-01
-8.674487153793948302e-01
3.884471840042351687e-01
6.596257946473209621e-01
-4.991104319350898599e-01
-5.934711006736226313e-01
6.932679050414312094e-01
2.238450206647634166e-01
-5.998527865457401465e-01
3.691144510411201729e-01
1.000000000000000000e+00
7.620742286997326254e-01
-2.464589952383666738e-01
-6.922305273886655286e-01
-6.584464794483517736e-01
-8.949184049855218870e-01
3.289874149199908393e-01
1.000000000000000000e+00
-6.692746167733242268e-01
-9.732578968530369856e-01
-2.836467322082769638e-01
-4.659247765905860650e-01
-4.346199626161664220e-01
-7.523672432113945874e-01
4.437233821382596810e-02
-2.451646081261586452e-01
7.568711232101950070e-01
-4.452895096679272413e-01
-1.000000000000000000e+00
-4.816629230974205367e-01
-4.668294457063281722e-01
9.825002013035177839e-02
-1.346599094729814539e-01
-2.339958182339643145e-01
-4.440750889295111969e-01
-5.509272830581297686e-01
-2.417336691389360692e-01
7.475237515217845186e-01
-3.478655725688832856e-01
2.370531764726413471e-02
6.070592120433457861e-01
3.069763903024771423e-01
3.181801118422245001e-02
-9.723007493554720604e-01
-9.890112748021118172e-02
-6.383404009834607873e-01
8.582267040912534561e-01
-2.892599171091885246e-01
-1.000000000000000000e+00
-3.239724617252478511e-01
5.237698593900321775e-01
-8.106168332883088024e-01
-6.829544590911267310e-01
-2.987010800442014835e-01
3.640216277871997086e-01
8.166429270091433157e-01
8.847013386235116350e-01
5.616131325353324044e-02
-7.247543480875855426e-01
-1.592044186248320337e-02
9.336317761574255414e-01
8.908438031996741557e-01
9.680482878197009811e-01
1.518551275384272259e-02
-6.594499488938510012e-01
3.373173636456249791e-01
1.000000000000000000e+00
2.738771213102222379e-01
-1.000000000000000000e+00
