4.454061965478017804e-02
7.780088296250237123e-03
2.798879008845767125e-02
-5.149547133018446132e-01
1.000000000000000000e+00
-1.223843418828254315e-01
-4.123261602948839477e-01
-3.343282575616393082e-01
4.877454817358706229e-01
-1.000000000000000000e+00
8.235436945017149402e-01
-1.000000000000000000e+00
2.807815429378733851e-01
8.856900695686529268e-01
-6.245990985979523735e-01
-1.000000000000000000e+00
-3.714349249283990240e-01
7.076534452575826695e-01
6.631341101107186553e-01
9.621827910515934335e-02
3.811846282285790144e-01
2.316121327218398918e-01
9.130611139542004207e-01
-8.808133350445752630e-01
5.796397588824349079e-01
-1.000000000000000000e+00
-1.247051633616561989e-01
-3.361682739203837311e-01
1.000000000000000000e+00
1.000000000000000000e+00
1.000000000000000000e+00
-7.487289049311812716e-02
6.264182165428380800e-02
-1.000000000000000000e+00
2.448063193273988802e-01
1.000000000000000000e+00
9.781432222104665675e-01
-1.043481990129362380e-01
6.455534029668013041e-01
7.800078354951649473e-01
3.951437319812887150e-01
4.275540875341632407e-01
-1.000000000000000000e+00
-5.946197052839439223e-01
-7.778564175223401378e-01
5.635082705326510677e-02
6.374017644901024404e-01
-1.677003866292421375e-01
-3.259873359389707792e-01
2.045351702978961406e-01
5.429113154751998849e-01
-9.030863377805153913e-01
2.149412477363310536e-01
8.902021590532975814e-01
-2.280266220300992686e-01
-1.263578399997942192e-01
-5.815706437338777901e-01
3.405615564923322736e-01
-1.000000000000000000e+00
-3.588417369462630901e-01
-4.948314194236678176e-01
-8.569692807643731758e-01
4.110727836975103244e-01
-1.000000000000000000e+00
-8.022320326010772273e-01
-8.910654737682022208e-01
-7.638764300927931572e-01
1.000000000000000000e+00
-7.269106146886294972e-01
8.535227840866599358e-01
-2.928445267587498346e-01
-1.638829575029356889e-01
-9.557869892149593039e-01
6.012973066052164084e-01
-1.294157180445112409e-01
3.963298516261536397e-01
-7.826470404412124715e-01
-3.034300421324013786e-01
2.157119219067054061e-01
3.451288435084358674e-01
5.441228947472018795e-01
-6.500496583978032650e-01
-8.658423963255055256e-01
-1.235846617598033159e-01
1.247628602405836951e-02
-2.380912406307609253e-01
-7.640984418585227145e-01
5.962348907924863717e-01
-9.512902950215005315e-01
-5.449282027266117989e-01
-3.324053635933319484e-01
-1.000000000000000000e+00
-2.262684821108271738e-01
-1.423571700360044545e-01
-7.276821689792687398e-01
9.088684755591280862e-02
-3.248032934740912037e-01
-7.550625978089841039e-01
-3.044326419560927643e-01
-9.443770963625426340e-01
6.847921919983186445e-01
-2.523414410576859113e-01
-4.626495239076771071e-01
-5.064130756209239692e-01
-7.906700673777840027e-01
1.311836441989283619e-02
-3.964959431425167935e-01
-1.000000000000000000e+00
2.686893205390749051e-01
-7.698505608281334123e-01
-4.504879112125747542e-01
7.269410825253119768e-02
3.058762377353081430e-01
-7.865280868427004801e-01
2.905064237430334817e-01
-4.876187438795036577e-01
6.675325464601933323e-01
3.721228582313508282e-01
7.137854344354471747e-02
6.294966245157924689e-01
-1.000000000000000000e+00
3.050614676385681179e-01
-5.995950181338367546e-01
6.717045756183771532e-01
-5.114589686055146522e-01
5.116088113209706911e-01
-3.567515335127515730e-01
3.689962278901210979e-01
-7.432482742196750980e-01
-6.629694384760398407e-02
-3.472099693734547188e-01
1.826388993159300256e-01
2.246571857460533117e-02
5.539334033977931782e-01
-5.655901032298285003e-01
-1.358131630796265976e-01
1.000000000000000000e+00
8.043590031783415251e-01
-5.617967121630048632e-01
8.462803449047191506e-01
-6.292217994266335879e-02
3.094624135667791709e-01
-5.658250073128983093e-01
3.774299381438028789e-02
5.070452104740663657e-02
-9.191062517727315306e-01
-5.646282953973178476e-01
-2.325263673127273556e-01
1.721523153643005344e-01
6.664938814619285612e-01
-4.859830571278151989e-01
-7.482730538255650821e-01
9.627102490168213400e-01
6.738262033649600191e-02
9.038272618036966577e-01
-6.318200286248223385e-01
6.324282630234588920e-01
3.240205665409465752e-01
-9.069101571695046271e-01
3.048477900078825353e-01
7.703013598128398698e-01
-4.408644389172046152e-01
4.464213638980309984e-01
-9.457103213041329060e-01
-8.074927883974043485e-01
1.000000000000000000e+00
-8.194209408996722122e-01
3.736931103011690292e-01
-6.848024348824338636e-02
-4.497550537141958849e-01
-5.864191951069863684e-02
-8.812942341881180308e-01
-1.329071656909495136e-01
1.751494660769628009e-01
1.000000000000000000e+00
1.350709029108507764e-01
-9.295789349074621288e-01
8.738249433353523221e-01
3.145560247531933307e-01
3.613040679607497641e-01
-6.076217280753899441e-01
-6.104799810587047126e-01
-5.073941352049917697e-01
-7.563639528964091197e-01
-6.716963138104137254e-01
-4.029499006380296011e-01
-4.144377630988510530e-01
1.007960851130473845e-01
6.940005934675350652e-01
-5.288872017290784378e-01
8.314438329938569350e-01
6.058608761442052515e-01
1.000000000000000000e+00
-4.104735575117182678e-01
-5.348237999356925121e-01
3.053131041400100054e-01
8.366953121728788467e-01
2.356358829363542906e-01
-9.886902536861006396e-01
9.107312953252988397e-02
1.000000000000000000e+00
-4.052745538936894931e-01
2.277557968475196759e-01
1.909058390457833432e-01
-4.658305827366870933e-01
-8.127423199736776294e-01
5.252079102419827672e-01
-3.025979480995480975e-01
7.127204850703925398e-01
-5.211925916022879246e-01
8.144661350113460707e-02
-4.853735153353961884e-01
5.268281856213855585e-01
7.139964045090138045e-01
4.565339488297994741e-01
-1.000000000000000000e+00
4.331323158041102683e-01
1.000000000000000000e+00
1.598404966676008065e-01
5.309646331965864885e-01
1.000000000000000000e+00
7.548827355056308974e-01
1.000000000000000000e+00
-9.511419685846542738e-01
2.988737014388875846e-01
-8.146491226346332937e-01
-1.000000000000000000e+00
-7.388489507161148939e-01
1.941033092560819906e-01
-9.302448528174593889e-01
-3.264687537947112972e-01
-1.000000000000000000e+00
-9.120273607632558566e-01
-4.678726493465026337e-01
6.800488520070455678e-01
1.329541583372987890e-01
-1.000000000000000000e+00
5.090608189336375267e-01
-8.182181816752325254e-01
1.000000000000000000e+00
2.738618813275665032e-01
-1.000000000000000000e+00
7.804549419485951045e-01
5.030593662835831648e-01
2.850690427740942834e-03
-5.401127697368754976e-01
4.656955583441313440e-01
-7.194068865955759451e-01
-4.177678315424149247e-03
7.990260245525182548e-01
-1.412021726077004047e-01
3.459562839067265028e-01
2.647949215686791202e-01
4.766129338006456218e-01
5.346877932764361185e-01
1.000000000000000000e+00
5.196653333869074576e-01
1.799989047272667619e-01
-2.898995645470021643e-01
-7.433417480357098484e-01
-8.338917020634494248e-01
2.371850922643105042e-01
5.199334871107004208e-01
3.743131886670547637e-02
3.233804603759109497e-01
