6.567283274518610492e-01
7.913147475308516254e-01
-3.617860552675129515e-01
-6.761888017154519259e-01
2.626888995145743033e-01
-1.013880053982708918e-01
6.879871694189674258e-01
1.000000000000000000e+00
9.303147233736481780e-01
4.215358891263265573e-01
5.196687252483576103e-01
-5.533749608067327630e-01
-4.022393743339295336e-01
-3.576328895376017503e-01
-2.634468258033773047e-02
-1.209310452587315787e-01
8.685444237457509153e-01
-4.545454838005721365e-01
2.272599544485563450e-01
4.169984276016518443e-01
-6.695277358457640826e-01
3.411824677380004278e-01
2.852663898886474980e-01
2.772943334476760668e-01
-6.571867266132295216e-01
-1.988781305019476642e-01
-3.816217788116964549e-01
-3.453319132424361726e-01
-1.000000000000000000e+00
4.222338987121724840e-01
-5.614298142748289644e-01
5.070239720511250381e-01
-2.547329664518308001e-01
-2.010321083042572177e-01
-6.278974664625922575e-01
-7.372799490411026113e-01
-5.542758933949686329e-01
-3.176958366159907676e-01
1.000000000000000000e+00
-9.574132865666846737e-01
-7.418699522869152130e-01
-3.748151212670134402e-01
-3.268818874342966918e-01
4.000831619801073491e-02
-1.217947243999301654e-01
-4.622739530617467896e-01
-2.244253918817737670e-01
-3.528050659445394199e-01
7.858800140975369386e-02
-7.879798723305206920e-01
4.373625781653841527e-01
6.126545727864081137e-01
-4.757677120634832835e-01
1.309795862464219196e-02
-8.919167471589860285e-02
3.089020790555370710e-01
9.975889681421014066e-01
-7.658527747126915308e-01
-9.640685490450978667e-01
5.024622440423125447e-01
-2.164662111580154813e-01
2.942427962606583014e-01
-7.282672502071273479e-01
3.269143436840479811e-01
6.737026480295655873e-01
1.038205698362993368e-01
-4.644926302507443316e-01
-1.340896002941882603e-01
8.132310187133913182e-01
2.978846424782702340e-04
1.000000000000000000e+00
5.252921198298501348e-01
5.880286888756817154e-01
-6.438946548025062944e-01
3.672234602970467221e-01
-1.400717614587113080e-02
-9.151472695781626143e-01
-2.092396391107348430e-01
8.010425545661050695e-01
-5.685415167701384220e-01
-4.742031632953311870e-01
-6.341845234590173241e-01
-3.213794016634161643e-01
-9.457946171910065480e-01
8.774279341445584413e-01
4.288504539637443824e-01
-3.864702125802715327e-01
5.039687121804754533e-01
4.607431415741812808e-01
-1.531032016644392479e-01
-1.209697013783557484e-01
-8.185733726311616998e-01
2.862786408428050211e-02
1.979301276309931024e-01
1.059397923456026902e-01
-2.015712902932450534e-01
6.456589328837525343e-01
-1.475293722111001848e-01
-7.612035559613229418e-01
5.031420077655383016e-01
-5.754967753395510144e-01
-6.868080827586440229e-01
7.735017828250195793e-02
-1.897730615264197063e-01
3.875455551016864786e-01
7.665453777960309356e-01
6.344061250071678648e-01
-8.871789515574269869e-01
-1.000000000000000000e+00
-4.218079262400357687e-01
7.293491734469459420e-01
-2.818800634160408269e-01
-1.000000000000000000e+00
-5.696385603020128752e-01
-9.668193885700395729e-01
8.865358288576988266e-02
-5.514709416464691483e-01
-5.734342094036488646e-01
-6.323785558601255352e-02
1.941929955903001770e-01
6.947897145834198707e-01
-6.341359532518604514e-01
4.402585828574243632e-01
-3.028928634392178965e-01
4.739637180749247669e-01
-4.503050187939827698e-01
-5.778422329010719505e-01
-7.025688497128252941e-01
-3.420063087009026503e-01
-1.542865032510719048e-01
-1.591246668999931613e-01
2.986438505066539850e-01
4.072703341365736529e-01
6.902852123492922432e-02
-7.521236336103394038e-01
1.657129841579005891e-01
9.060884476501226414e-01
4.415885416367157368e-02
-4.548134658921352824e-01
3.435730274837282550e-01
-5.948458463804784380e-01
-8.864950470583136122e-01
2.559624985451416368e-01
-7.414812647654664968e-01
9.092078131838010613e-02
1.095710944843657220e-01
9.036743179562202188e-01
5.812063307471641016e-01
-9.579057143705089761e-01
-1.693520020326223507e-01
-5.305639863550848379e-01
3.537460626050412671e-01
-2.432848656461206183e-06
-2.154967626143457493e-01
6.773553724077949756e-01
4.471435393630998067e-01
-8.162992596020806069e-01
-7.163187441492813168e-02
1.541042250927079915e-01
1.896646651599626643e-01
7.714710083611454605e-01
-5.125061692339161201e-01
-9.263268900402972239e-01
-4.242381769896121924e-01
-9.283615233114193011e-01
-4.932733277708121200e-01
7.192292223300122966e-01
4.545179250432356266e-01
-2.458647254327199771e-01
-1.470164237523153838e-01
-5.897255223788792078e-01
5.528789274001867371e-01
-5.166024339743350291e-01
3.574181015662720173e-01
-9.057714049301384129e-01
3.152601112637335445e-01
5.452844873669245862e-01
-4.847032650544826904e-01
6.459517218751793521e-01
-1.656823982345344559e-01
6.193863585266921046e-01
-9.527405650366390644e-01
-5.140152925815200113e-01
-8.895788584841244351e-01
1.819002801378131751e-01
-5.257756595022746726e-01
-3.766192808102974965e-01
6.228267927284547589e-01
6.250749953498218048e-01
4.722787743560585838e-02
4.919414221567316448e-01
4.592960947215826151e-01
-4.829219678356155843e-01
-7.563020964555953185e-01
-5.442444855098610423e-01
-8.121075138682618544e-01
-3.042249489700891707e-01
-8.152733313402628079e-01
5.894368929108422250e-01
2.447526024448791748e-01
-6.409122266981905902e-01
6.232996890883069074e-01
7.470556871597420212e-01
3.206017781378487919e-01
7.266349797577311698e-01
-5.137889945797067398e-02
-6.720319683776299069e-01
-2.517455132435059140e-01
9.501428290112791109e-01
-9.114020685069519345e-01
-8.199341606083471179e-01
-5.706276974461359508e-01
4.166926941419726305e-01
5.165527905408497933e-01
-1.144703365206717199e-01
7.843888053758178991e-01
3.127713899352739246e-01
5.483202154701456443e-01
-8.184269640453398775e-01
-9.650276971049915886e-01
-6.522324206123072399e-01
-6.527695546228193813e-01
3.935096394401982334e-01
-5.435943475049753726e-01
-4.394155928324876559e-01
8.021854088423892026e-01
1.949080791181090344e-02
7.123945642783506838e-01
-5.766127134385222730e-01
7.849031980179890233e-01
-4.674476378323605408e-01
-8.858974379246076225e-01
-7.615313259999522133e-01
7.317314615455576821e-01
2.282785426697964137e-01
-3.071220023800853016e-01
-1.000000000000000000e+00
5.329051184397433083e-01
-4.723641500517514746e-01
-3.144866613464314398e-01
8.222510317752340647e-01
-2.147655001959513088e-01
-7.562218165585948837e-01
6.058649770884175778e-01
2.755683108510587065e-01
-6.755673712060019653e-01
9.009510267478468837e-01
-9.520869343865900891e-01
-6.625535174473886624e-01
-5.818731617151422508e-01
8.466537719920708138e-01
-8.120881712126521990e-01
3.029787706582114937e-01
2.571274810503981767e-02
9.566352918342813094e-01
-5.852362566114233111e-02
1.787458014418877861e-01
-7.333620258907633804e-01
7.891565835931091399e-01
-7.978850655438032291e-01
2.591443971094013476e-01
2.619837287052171337e-01
9.447769812117954302e-01
6.323390118880696242e-01
9.490889327506243367e-01
