-3.014911170737822332e-01
3.392400206988410716e-01
-7.263352029496261686e-01
-1.842133390389836256e-01
1.932391277532548024e-01
-1.795917850703465102e-01
4.192544278483760767e-01
-1.790950158162367689e-01
7.464755406294121265e-02
-2.558073065706396032e-01
-1.776512233584193745e-01
5.051725904929513788e-01
-9.070389769365468924e-01
4.423854146210646210e-01
1.000000000000000000e+00
-4.084270952846591474e-02
-3.459035082424070096e-01
-4.413518161942238116e-01
-1.688630909443585570e-01
4.302295756496343770e-01
-8.276551992124478452e-02
8.863835893765421581e-01
-1.827012146216636657e-01
-1.000000000000000000e+00
-1.000000000000000000e+00
-2.218633171700207241e-01
5.928574909759509737e-03
7.801075330776143790e-01
3.325374763469690631e-01
6.424195335553133379e-01
9.895071884734312206e-01
4.448995457890413813e-02
1.110834852446474785e-01
3.254642257315192300e-01
-3.288119642172673274e-01
-7.714615359371678194e-01
-8.869362418019699490e-01
3.901425993309473039e-01
-1.619908530223976018e-01
-4.633815553883118277e-01
-6.439290343250155813e-01
4.398052353672593506e-01
5.904657643464645833e-01
-7.797966729604310920e-01
-6.700976240884171098e-03
9.412916598890203046e-01
-4.860804954395527844e-01
-1.000000000000000000e+00
6.797871094508358691e-01
-5.413884137169142630e-01
6.869032632943796735e-01
-6.457786437539589919e-01
-5.193959490115940270e-02
-1.000000000000000000e+00
8.493166307891999445e-01
-9.751662932028406505e-01
1.855808995423449126e-01
-7.549384219993042766e-01
4.113474439907851554e-01
5.157642674063955823e-01
9.056042856639328065e-01
9.617883933381561334e-01
-2.713352973398885926e-01
-1.346824972636700701e-01
5.846670752327352005e-01
9.228197749006689099e-01
5.676711243397623008e-01
-7.448771873261720300e-01
2.087390721914317293e-01
7.084562282048714188e-01
-2.356510196290353132e-01
1.000000000000000000e+00
3.328621346514073487e-01
5.077517028161954160e-01
3.287531502205600087e-01
6.159209820832004523e-01
-7.972055994235449639e-01
-6.480009027623472306e-01
4.803352189941056949e-01
3.541453707593194000e-01
-2.124887671142788870e-01
5.663512574791440546e-01
-5.732791366401446265e-01
-2.680315133125901750e-01
1.471760315691879040e-01
-1.967683709142237225e-02
2.851732109786460079e-01
1.356459753299398552e-01
-7.962773743149016703e-02
5.030703882915470437e-01
-8.781806840052600038e-02
1.000000000000000000e+00
-4.640717591993042679e-01
8.435639224085162979e-01
8.761387956847221936e-01
-2.031554375001619617e-01
3.412380817184982318e-01
7.182513546941642346e-01
-6.907807808369952340e-01
-3.817371401025055899e-01
1.541838732898275222e-01
-7.162270808003381450e-01
2.204238973752769004e-01
-1.020201997355423273e-01
3.968711627151082499e-01
5.262580840828726680e-01
7.303249035817054313e-01
2.799424346741423708e-01
6.567733031224191054e-01
-6.943949882656859085e-01
-9.583305308859518812e-02
8.697866819837709595e-01
6.350220932722389078e-01
5.793371940898510708e-01
6.978136947724612460e-01
-2.123279189539457601e-01
-9.395353986352068532e-01
6.635276204402745792e-01
-5.952517298675326085e-01
-1.050902810231466589e-01
4.931532776995347089e-01
-7.608980080483210839e-01
2.102651286020404964e-01
-7.913258452985870717e-01
-1.000000000000000000e+00
4.700279221726650358e-01
6.228814799439532646e-01
3.921873315400545290e-03
-6.304664193652804727e-01
8.674290962298497609e-01
-4.855659952374802857e-01
4.489774153170599247e-01
5.641258394810424459e-01
-3.667567891166079175e-02
3.931982985559646093e-01
3.432101808076748473e-02
2.273692474802725405e-01
8.093457892337352355e-02
-1.722066240812161197e-01
-1.070379559478868287e-01
-6.214702303990152776e-01
4.660382790096826433e-01
-1.021375623915214970e-01
-6.377708274171038916e-01
4.289082959563139674e-02
-5.235738029045120534e-01
4.074855127369249042e-01
5.890805538250988294e-01
-4.721560509241715664e-01
-3.444637429064823508e-01
2.910728187946776124e-01
3.691993845779369399e-01
4.122021734843692164e-01
9.419868432197504582e-01
-9.192123926988575722e-01
-2.728028526728785152e-01
-7.847528313761146235e-01
8.397629526913164000e-01
-1.543524216042974073e-02
4.512927223851421199e-01
-1.000000000000000000e+00
-7.651917290113335879e-01
-5.588694362873306010e-02
5.201197082480742973e-01
-2.108305429631642802e-01
2.755878768696846670e-01
6.073558610736845553e-02
5.115074115619543393e-01
-8.495361519664768046e-01
-5.584521000865619866e-01
5.124306581615392098e-01
7.329279770911671932e-01
-8.252745744426230878e-01
7.963678267854092940e-01
4.681269295398675645e-01
1.409985206228031585e-01
-4.004725984240835590e-01
2.794655009043096605e-01
-7.687588409435597292e-02
1.000000000000000000e+00
5.678208527635114633e-01
5.235894997606566070e-01
9.915377443876274288e-01
-6.958072792478517954e-01
1.766216354309495529e-01
3.572181746761963206e-01
2.661392977665266724e-01
-7.750239455627236929e-01
3.241241984326570513e-01
6.114786926120650001e-01
-9.466331014444027137e-01
-7.127314801606486894e-01
-7.457437496884805617e-02
-3.612589922102593665e-01
-1.665458158560961799e-02
2.459978029302674063e-01
-7.456119750507090860e-01
3.917549066587593387e-01
6.860966315236841084e-02
4.013114488968729243e-01
-7.870842139194313969e-01
3.572954018057312164e-01
-1.000000000000000000e+00
8.735760517627280120e-01
6.911805228049909822e-01
-7.884626226619770861e-01
-7.067073687657525749e-01
6.594858372375929090e-01
-8.204668102903818205e-01
7.931243006116801553e-01
4.852070847385069885e-01
-2.502247169808644589e-01
-5.680342061292933398e-01
2.433528549046755918e-01
-4.995280711091032444e-02
-7.120945866796096757e-01
-6.878929370446031921e-01
2.253419767116215389e-01
-5.434629783672206838e-01
5.643242356654869507e-01
-8.056141008056878494e-01
5.891464389641138943e-01
5.997814907038090393e-01
-5.402246182253713780e-01
4.308054661752505066e-01
-7.762032783370012012e-01
5.091033496225453314e-01
-2.581544191502167518e-01
-4.856753366801802585e-03
-7.937677551306758783e-01
-7.697627265545630149e-01
-4.455747837340680029e-01
-1.737355801360429552e-01
4.104923495078374729e-01
9.810188419818832717e-01
4.953856116508117413e-01
-1.275501265039147569e-01
8.762958703807228744e-01
4.699169564442903235e-01
-2.820642364266716662e-01
-6.948748174445872339e-01
1.656280553590032956e-01
3.041685152968420791e-01
-8.445021166443422711e-01
6.585192972472766471e-01
-1.838092184219774217e-01
-9.368626790620708800e-01
9.508330959546478223e-01
-7.243917353596524000e-01
-1.347339754367117004e-01
-4.362698672280080903e-01
2.952941903427832582e-01
1.000000000000000000e+00
2.685813775409475745e-01
3.556972496642685777e-01
7.839889454306669947e-02
-6.532131930550766352e-01
-1.000000000000000000e+00
6.482575717259537740e-01
-6.638339763527100201e-01
-2.141190451573807274e-02
-1.872182306222658354e-03
7.887060770342624316e-02
9.539064525114655524e-01
1.616400244437098677e-01
