2.020100316101799687e-01
6.945918850673532541e-01
-6.014705940148272756e-01
-8.012982823845450353e-01
-6.677066354179395091e-01
1.379488133934253791e-01
8.666351994340596443e-01
8.384334272874865990e-01
-1.835148449073564503e-01
7.162940912863802190e-02
-1.597756419410041318e-01
-4.732390378356166050e-02
4.413540089552180912e-01
-1.160448873341168724e-01
-1.000000000000000000e+00
3.171394947915548990e-01
-7.028134654950991544e-01
4.462379744448245061e-02
-2.341651165333371309e-01
-4.059029136407132921e-01
6.090948491535173037e-01
4.482635246359251702e-01
-4.620680023567933503e-01
-3.912405535686955815e-01
-2.467822830153469926e-01
-6.827958810409997525e-01
-3.669128792879099987e-01
1.880357010927697914e-01
9.007893608683037456e-03
1.846895087509245748e-01
-3.181245949704354370e-01
-6.640748363570252444e-01
-5.151509929324136206e-01
9.272593750231479248e-01
-4.357154993952940675e-02
-6.594235395673753164e-01
-4.255369789665841562e-01
-1.123144151962047477e-01
1.716480757037558980e-01
-1.000000000000000000e+00
-4.704464910660827726e-01
-7.094895294720393597e-01
-2.351223358831511234e-02
3.150424407645703306e-01
-9.681758219619875927e-01
-6.751582245521448034e-01
-2.630276290368023240e-01
1.195574504146612316e-01
6.864792666738530613e-01
3.591242813524499478e-01
-7.009278903360214308e-01
3.358956546520541764e-02
-3.643935758940775038e-02
5.101794053064883094e-01
3.668505002808581938e-01
1.363041006182221654e-02
6.783036471322065886e-01
5.423764099117659443e-01
-7.230490533111406659e-01
5.333027851239788841e-01
-7.786976075755310811e-01
-8.402656689930146916e-01
-4.594258573592075456e-01
-6.274134416471348619e-01
8.775447913453795490e-01
1.336583569439880326e-01
-5.237234427768127087e-01
-2.893741449467764904e-01
-1.198932398569125812e-01
-5.274459115318383406e-02
-7.005940473777041433e-01
-1.123352688854441783e-01
-1.308903990651620330e-01
3.383699658776515573e-01
7.449311280226331711e-01
-4.527378482496460799e-02
-1.000000000000000000e+00
-5.509999713096946916e-01
2.668969447339699652e-01
5.851578948374678291e-01
-3.199472643675534966e-01
-6.746566391440782517e-01
-6.959306686456967483e-01
-2.938425224389060175e-01
3.014370819520456601e-02
-2.738070382683264192e-01
4.930381773831786774e-01
8.476141564824773988e-01
-3.277005588267382086e-01
4.241474820192729922e-01
1.508415404611904709e-01
-2.419453349640097173e-01
1.978248803468303230e-01
-4.216651650652212258e-01
9.269222903037166450e-01
4.347156075729851632e-01
-6.380697925584759567e-01
-1.288125828903891879e-01
-3.526475885579948844e-01
3.006221543015456799e-02
4.749616774681535425e-01
1.000000000000000000e+00
6.261435701700490686e-01
1.000000000000000000e+00
-2.021639422636084538e-01
-9.233708569690761703e-01
-1.786077164408596540e-01
-9.446260377040393008e-01
6.028760408419472361e-01
-9.410831707758031683e-01
3.498703658856688881e-01
1.000000000000000000e+00
-2.321149825585520077e-01
8.849017597019874781e-01
-2.877389430537530268e-01
-6.288822056159673046e-01
5.245943990845680638e-01
2.595887168060260763e-01
2.526490425208218760e-01
6.911747193234907272e-01
-1.000000000000000000e+00
7.888299487088654693e-01
-9.454299231966745154e-01
9.762545619419966680e-01
-4.869707533326161908e-01
1.188659858967500149e-02
7.857028162063444121e-01
6.197239520986240757e-01
9.940905157500382061e-02
-1.829861222214084204e-01
1.000000000000000000e+00
-6.199618937737765290e-01
-9.984550455769686250e-01
9.178971366519171893e-01
-1.123502231697214720e-02
9.030790065733674821e-01
3.396757858590297996e-01
6.848501209727448913e-01
4.004711650997980765e-01
-1.674295591945187400e-01
1.999116481807432510e-01
9.134682864426565407e-01
8.206701493057355634e-02
-4.154919536195772478e-01
-6.138565331065360953e-01
-9.883361357123570112e-01
-5.163079810944579684e-01
8.962423505267216317e-01
-9.335400294394140541e-01
1.844767506871695939e-02
-8.782520378498143154e-02
6.594783852250352130e-02
-1.000000000000000000e+00
9.680226614771789695e-01
-9.128929876210017946e-01
-7.061336510891047524e-02
-5.908140771248019396e-01
-6.830306540074977395e-01
-1.756966523159722016e-01
-1.674043604658501105e-01
3.109512984005831093e-01
-2.984476828781306157e-01
-7.440391117424471901e-01
-1.117614493924825592e-01
6.925386654297684130e-02
1.274008376058212710e-01
-1.057731355367863002e-01
2.713501942568144476e-01
4.251781042770084174e-01
-4.284372056390093331e-01
1.379854724286373180e-01
-8.033668083248546310e-01
-8.069014678805130902e-01
-2.292115560210818692e-01
1.722595068180526601e-01
-1.400882202250617325e-01
1.000000000000000000e+00
1.717898229618362027e-01
1.970539249025543560e-03
2.193633311912748796e-02
-7.273859179067564407e-01
1.066495208857645149e-01
-7.881022878909451634e-01
7.741045265469393977e-01
-2.102583537654976187e-01
-4.166208223888141493e-01
-6.437705673042088961e-01
6.235314328082790514e-01
-3.032627706176951321e-01
1.968113056631275448e-01
4.177300014297820607e-01
-8.115953381236273856e-01
1.000000000000000000e+00
-2.285867914610444918e-01
-6.362977841835355530e-01
-2.670300973648815912e-01
2.684224323070331097e-01
4.414914369364265623e-01
-1.765307006543803681e-01
2.253012692841242504e-01
-1.473611750525241071e-01
1.000000000000000000e+00
-8.283307995545231561e-01
2.695015512031617710e-01
3.693249422955566796e-01
-9.850146784772351172e-01
-4.511642908522008888e-01
8.867706797475354286e-01
4.324930251608427589e-01
1.648337593104249599e-01
-3.987409295428777090e-01
-9.037856491556666150e-01
8.205269630625000588e-01
7.947912400729582050e-01
5.214250084084690595e-01
-2.565996293648561966e-01
4.801256220677410091e-01
3.096542038831836541e-01
-6.608081976676031255e-01
4.428497490353084931e-01
-7.410158042711050275e-01
-1.517446077596310006e-01
-7.037922208021406556e-01
5.825753671415503376e-01
-3.031472920046073827e-01
1.000000000000000000e+00
-1.310430006259886704e-01
-1.396348343342455056e-01
-7.532472881582210622e-01
-5.206593366043532622e-01
-3.531898604257772689e-01
3.107297677599814012e-01
-7.970907732512630961e-01
8.354639207296408188e-01
7.867390082022578390e-01
-1.000000000000000000e+00
7.020336904138484435e-01
-8.051781240812402318e-01
-1.132441828416952401e-01
-7.436655768077049533e-01
1.948388844308567291e-01
-9.226813467285542858e-01
1.000000000000000000e+00
-3.919399702851460998e-01
4.192242496430940157e-01
-6.721284661776514291e-01
-6.295127825906523533e-01
-6.903298619944899794e-01
1.828022769275140513e-01
-9.936854435032611566e-01
3.787882343708031119e-01
7.438448253236071839e-01
1.563726706665991006e-01
-9.818284598180442302e-01
-3.707692633975858687e-01
-4.621992110541078280e-01
8.105119637173737734e-01
1.875172796761777061e-01
-1.806869636491820197e-02
2.973695060675857205e-01
-6.872028865590164015e-01
-7.131609559749472194e-01
7.373753528306441485e-01
-7.597600038502674291e-01
-5.282839247167787633e-01
