9.630114305893133775e-02
-2.743337543799552192e-01
-9.464615809424730131e-01
-1.000000000000000000e+00
-1.000000000000000000e+00
5.547542321816559818e-01
-1.238618804760281966e-01
-7.674727853870892957e-01
-5.109202267680699183e-01
-7.190055881445007735e-01
-3.183574239717423815e-01
-3.305520363397283501e-01
1.273283585391394301e-01
-1.000000000000000000e+00
-1.000000000000000000e+00
3.929738424586928236e-01
1.000000000000000000e+00
-9.239046463142641663e-01
-9.948075822713113858e-01
-5.004964968066993869e-02
5.953421119336105294e-01
1.000000000000000000e+00
-9.695285407841391923e-02
1.000000000000000000e+00
1.000000000000000000e+00
9.280737871967521535e-01
-9.968594556196068712e-01
1.071173501090316726e-01
5.309664139124580240e-01
1.000000000000000000e+00
1.614973483760551165e-01
-5.864255832894829656e-02
1.000000000000000000e+00
-6.691346700983094031e-01
3.477539213979478072e-01
-8.108022507966317072e-02
6.726114457097549515e-01
7.832055236954051924e-01
-4.549151153719011020e-03
1.707391115606671783e-01
-7.788774625890209080e-01
2.862650405708300205e-02
-1.000000000000000000e+00
-6.796808637600881831e-02
6.739395416019380303e-01
-4.525482662800266453e-01
3.156700570045780641e-01
-3.675723031364657167e-01
1.860461730630549315e-01
-7.532872408598234593e-01
-5.596124833997564441e-01
-1.844090877684116947e-01
-1.000000000000000000e+00
1.829041323730023205e-01
-2.024198268013965851e-02
-2.930296007207819908e-01
7.803701514040268794e-01
-3.343594414902682499e-01
4.775149649595493706e-01
-3.070586397982711380e-01
6.147136211273720452e-01
1.991678595812198527e-01
-3.111039558737503929e-01
4.630370460428373525e-01
-5.030898704004869160e-01
-7.304278195842406340e-02
6.865067113190990167e-01
-5.227712145973576474e-01
1.821551988558883783e-02
-8.314474492792636173e-01
3.213574004050081395e-02
-3.669426638802426588e-01
7.232184406989279335e-01
3.450974296296954735e-01
-5.553214809880306913e-01
9.271189976884579576e-01
4.535460368497500339e-01
1.000000000000000000e+00
-2.303075474746796303e-01
-1.044646397736970211e-02
8.360591999251432149e-02
1.979833401020978378e-01
-3.693288260066653061e-02
-6.552859516369688997e-01
1.000000000000000000e+00
1.120670728523790460e-01
-1.000000000000000000e+00
-8.343842154017830914e-01
-5.206648421381308012e-01
-7.678468887338549820e-01
5.571558619262293455e-01
9.071338201123539946e-01
-1.000000000000000000e+00
-4.709684945933578781e-02
-5.894117334457149582e-02
-6.576895718346944530e-01
-6.818933964772908585e-01
-3.966697665052356658e-01
1.000000000000000000e+00
4.223963702735471504e-01
-3.947000664850541796e-02
7.799067818548428566e-01
-1.899838196342785723e-01
-7.114890761205981962e-01
1.000000000000000000e+00
6.327666487238763349e-01
-1.802771712809159155e-01
-4.935383125741568122e-01
1.167809551513802613e-01
-1.000000000000000000e+00
-1.000000000000000000e+00
-3.363395642158149013e-01
-8.520988739943473611e-01
4.631091046731381500e-01
1.000000000000000000e+00
3.094306944881666244e-01
6.577926768280930592e-01
-2.417938093595188298e-01
-1.000000000000000000e+00
-6.914513819867017241e-02
8.487440945351236721e-01
4.559901589664510091e-01
-8.780248315105800838e-01
8.110753230585420193e-01
-1.000000000000000000e+00
1.794884377820752386e-01
-8.950869239381005205e-01
-1.683789510975003401e-01
-6.206519012626920961e-02
-3.809752273590052418e-01
3.317167660400901497e-01
3.372257133953626695e-01
-2.665049629344764526e-01
-3.885831588511774459e-01
1.000000000000000000e+00
1.000000000000000000e+00
1.000000000000000000e+00
5.854811305666285381e-01
-1.260984314042833399e-01
1.535132994927232986e-01
9.723737134472030252e-01
-8.374886199121610586e-01
4.926176294249627885e-01
-4.168563243686336239e-01
-6.216187641174739653e-01
4.151413602566011996e-02
-1.741129594414048132e-01
5.557058324711559028e-01
8.832601737490988203e-01
1.000000000000000000e+00
-8.156536742391362615e-01
5.715285342827349790e-01
-9.681633076954734296e-01
-9.132775812488207468e-01
-1.128134002306171446e-01
3.111952343342578864e-01
-1.781235451179119522e-01
1.000000000000000000e+00
-1.000000000000000000e+00
-4.154978341296991506e-02
1.000000000000000000e+00
1.144979507043203393e-01
-3.313735698896429493e-01
7.880915935541670247e-01
-1.000000000000000000e+00
-4.190551174651810928e-01
6.121985208864651890e-02
6.241121063810715075e-01
3.784645339411637499e-01
-1.218860956780929428e-01
9.053733600445266205e-01
5.124143178836457757e-01
-1.597692527310730637e-01
4.697628836859311097e-01
6.019902839998785282e-01
1.000000000000000000e+00
-6.553907611735394489e-01
-1.000000000000000000e+00
-9.027012805489134095e-01
-8.119090681201723836e-01
9.339829671171084868e-03
1.781101616319596959e-02
8.264726384088197930e-01
-9.522054813132279083e-01
-2.450494688554450962e-01
-7.609795522954616587e-01
-8.858480518757219091e-01
2.861546084336128448e-01
-6.701437231590738897e-01
-1.308222822734299573e-01
2.794696879143194757e-01
7.847157261872892420e-01
7.008094490355283313e-01
3.203522433239058831e-02
-1.000000000000000000e+00
1.074184452706663517e-01
-8.272509930042484250e-01
5.566857810559213693e-01
-9.268315545428607027e-02
7.412906222560287084e-01
-7.483777233653461369e-01
8.889935678147153908e-01
-1.701985068846467719e-01
3.013118220375558542e-01
-7.091931050298339034e-01
8.105177649423798147e-01
-4.566554866400096557e-01
5.853097419904731424e-01
-2.236888810812080464e-01
-3.583964111353991067e-01
4.514014706392475151e-01
-1.000000000000000000e+00
5.215736014012817279e-02
-9.156517691604091347e-01
6.654519714461583080e-01
6.844138041952829710e-03
-4.190292454112449771e-01
-4.231756841889033893e-01
1.000000000000000000e+00
5.636507964483994382e-01
-7.861514747651280333e-01
1.000000000000000000e+00
5.914317858008422135e-01
4.911327185472650902e-01
-4.952759962911492675e-01
-6.980030874478787561e-01
5.700454920311082141e-02
8.863113380399985086e-01
-1.000000000000000000e+00
-5.171733497119455070e-01
-1.000000000000000000e+00
-9.044283898729066351e-01
-2.962363319093312963e-01
-4.719014281816693579e-01
-5.082646040523188802e-01
-5.727874491277739066e-01
-2.500390829782550561e-02
-1.000000000000000000e+00
-3.339113675797926450e-02
2.901938972416447937e-01
2.309410512439269425e-01
2.785821921315145833e-01
1.000000000000000000e+00
7.762496820732367464e-01
-3.259084011757844568e-01
1.000000000000000000e+00
-1.000000000000000000e+00
-1.291630716412937585e-01
6.139043686252569909e-01
-2.078438639658950482e-01
-5.602637771983765003e-01
8.004611037307374222e-01
-8.650505471447932360e-01
-1.603711524880127026e-01
5.487535125017763971e-01
-5.989118086352573922e-01
-6.738496920095442544e-01
5.246897954724034641e-01
-2.045876716356946623e-02
3.367430212315210003e-01
-2.186412556184883504e-01
1.000000000000000000e+00
-3.867071583410290891e-01
-1.000000000000000000e+00
-7.527586974905020600e-03
