-1.000000000000000000e+00
2.166289801644076252e-01
-1.000000000000000000e+00
7.161928149830285584e-01
3.371694515823391303e-01
1.112148552082616870e-01
-2.783772905133998776e-01
-7.105968227946971583e-01
-8.590596064763702522e-01
6.906060878883646392e-02
6.463703986128961354e-01
-8.761795791691133761e-01
-4.435003435225270962e-02
7.533327843383721412e-01
-6.794174285788349144e-01
-8.641769877360669927e-01
9.119675749456264136e-01
-4.380016615942636804e-01
1.000000000000000000e+00
9.520168387749747829e-01
8.482602283583358105e-01
4.149685682600035008e-01
-8.260807630460242912e-02
9.320056972657374539e-01
-5.699376801234098400e-01
-6.365380785741998615e-01
-5.097966214051796729e-02
1.172963964361199429e-01
8.840492551274812261e-01
-9.459509046066920668e-01
-7.109613186000687257e-01
-1.507046319961344860e-01
5.612360984166797628e-02
8.795857887695719413e-01
-7.446028857826618719e-01
3.392779380552246593e-01
6.690836671567368388e-01
8.143795084546390228e-02
-6.207360249578419698e-02
-9.927333516935428204e-01
1.000000000000000000e+00
-4.813076434670927606e-01
8.670676312045249023e-01
6.930053149046265792e-01
-5.328569502731814733e-01
-1.000000000000000000e+00
9.014230836428240856e-01
-1.000000000000000000e+00
-2.622758589150506747e-01
-4.469430708119336293e-01
6.946710676814542573e-01
4.380422129138292764e-01
-1.666934382233613288e-01
-6.505206786213857395e-01
2.658934345047824221e-01
7.075067449992320512e-01
3.171068098929334944e-01
3.787029215288950645e-02
4.355913223395352363e-02
-8.978244821010861187e-01
8.852136498318539104e-01
-6.830593517400096459e-02
-4.358938781375243376e-01
-6.799455093178147225e-01
2.615556729930577085e-01
-8.994090912226395673e-01
-7.807123239516546853e-01
-3.080308702186009828e-01
1.000000000000000000e+00
5.416250467617056419e-01
-6.262187838447469401e-01
-5.346000623092038717e-01
-7.668402387142132515e-01
4.395197616355139836e-02
5.686441253715399657e-01
6.347225337682844692e-01
-1.467171239900162127e-01
7.893684937052276585e-01
-2.813017047496186862e-01
-5.594434431098012084e-01
7.367519165636859935e-02
7.443540146790105227e-01
9.557991343095284531e-01
-7.270729933272017387e-02
8.509708033203019495e-01
7.095423344464486526e-01
-2.373295728084462430e-01
-1.000000000000000000e+00
1.000000000000000000e+00
-3.406217498360593066e-01
-3.161815252774280438e-01
9.219315733700172988e-01
-9.067669748327606971e-01
-1.000000000000000000e+00
-8.139218406358210700e-01
4.132225476151016874e-01
1.000000000000000000e+00
-3.736096374276066667e-01
1.000000000000000000e+00
6.942382754054916560e-01
-2.378972367698341528e-01
-1.000000000000000000e+00
7.417050551082278176e-01
-1.309467491470170664e-01
-7.500190431659674584e-01
-8.745228070328083803e-01
-6.734690316489205797e-01
-8.129101014700064187e-01
-1.000000000000000000e+00
-1.000000000000000000e+00
-6.326970941077791899e-01
1.000000000000000000e+00
-8.287614372916420891e-01
4.698918294604796930e-01
-1.000000000000000000e+00
-5.442369534773054962e-01
3.624828094418642288e-01
1.777525310543239812e-01
-3.919433362792712483e-02
-1.000000000000000000e+00
-7.197783757928581938e-01
1.000000000000000000e+00
-9.772905768048061326e-01
6.214134054077145031e-01
-5.291996382483583616e-01
-4.510763472418097830e-01
-7.927624071874959100e-01
1.000000000000000000e+00
-6.415169347500762065e-01
5.099408162727878668e-01
5.888167368005192692e-01
3.473158040350238229e-01
8.347683646375108069e-01
6.936054027838589597e-02
-1.000000000000000000e+00
-6.765261939580395900e-01
4.702910559389896217e-01
8.709008392069963467e-01
5.492657457624097184e-01
4.981655183880121518e-01
8.151689209469730191e-01
-1.000000000000000000e+00
8.688132109518820201e-01
6.393366786533307700e-01
-9.051409180543787958e-01
2.409206792911857686e-01
-7.894855942128862214e-01
1.000000000000000000e+00
4.482283528711970000e-01
1.000000000000000000e+00
3.635660124524758841e-01
7.022247740058820131e-01
-9.966208983474271754e-01
1.000000000000000000e+00
9.720459365044962219e-01
-3.585493274165179045e-01
-4.929681022155111281e-01
-1.000000000000000000e+00
4.484217598230603175e-01
6.426877355074456233e-01
-2.069513612990896423e-01
-2.750372387806491181e-01
-1.000000000000000000e+00
-4.555725346256949554e-02
6.828054655559621100e-01
-5.489884074045570106e-01
1.000000000000000000e+00
-1.000000000000000000e+00
-6.140422029871270837e-01
3.479570906239843886e-01
-3.657164568136768157e-01
2.067663228968492639e-01
7.398527617849754989e-01
-5.403047689672502152e-02
1.000000000000000000e+00
7.070052596679616830e-01
-5.541895137994305998e-01
-7.276373385315717535e-01
-1.892144887107074513e-01
2.338021244474774996e-02
-8.740244352766858293e-01
-7.878613302426762388e-01
-1.000000000000000000e+00
-1.000000000000000000e+00
-3.290473236696766501e-01
-6.441946190715253096e-02
-5.047836968656806977e-01
1.000000000000000000e+00
-5.903274342646449568e-01
1.000000000000000000e+00
-2.582781443633261897e-01
6.466809388577293705e-01
-2.072214433711498938e-01
9.586768906784310929e-01
4.450242652342459859e-01
-2.244103792552971655e-01
-8.825930744331669242e-01
2.754387782548561869e-01
7.797867155452954391e-01
5.906330169445173084e-02
-4.144338905069618884e-01
9.853287599956599419e-01
5.739642559070853300e-01
-4.728335239950499647e-01
3.706246473792278451e-01
8.893674771050660288e-01
-8.012410480289926529e-01
-2.976523768002454773e-01
8.144820761509343754e-01
1.000000000000000000e+00
8.883305423823073532e-02
3.460515063994076823e-01
-1.000000000000000000e+00
4.724591862646028151e-01
-1.748603205220700119e-02
-6.455650221573514536e-01
1.511074029891958936e-01
-1.000000000000000000e+00
1.469104507186149711e-01
-4.853854761019960051e-03
-5.451525144784203913e-01
3.637761459919859330e-01
1.927999026077013012e-01
-1.000000000000000000e+00
5.450980834636133254e-01
9.455251443278240853e-01
-4.058150526084918219e-01
9.608845389659732561e-01
-1.000000000000000000e+00
1.000000000000000000e+00
5.531052190281127157e-01
2.737473824676093237e-01
5.348674685365797377e-01
-3.849693034616186171e-01
-5.728375908229610403e-01
-4.524223041148671687e-01
6.919962537178823148e-01
-6.090291807593952722e-01
5.873264479012907380e-02
7.495165035129207620e-01
8.610054121225209078e-01
-6.331898376122373495e-01
-1.000000000000000000e+00
6.660972747145604833e-02
3.197101644334421344e-02
2.570921740594731553e-01
-8.841560201522669082e-02
6.133596627800597112e-01
4.871081682181601646e-01
-2.591805391712547757e-01
-2.465570221134476547e-01
6.273808044552051655e-01
2.216742827419493356e-01
7.954352439608247671e-02
-1.000000000000000000e+00
-5.632730879139113966e-02
-3.608403043517460773e-01
1.000000000000000000e+00
9.138937371678677035e-01
2.579197817969995365e-01
-4.195417945619615008e-01
2.588921199252698369e-01
2.679227792058425095e-01
1.000000000000000000e+00
-3.597238976274708122e-01
