3.304136023390810140e-01
-1.000000000000000000e+00
-2.183724337265429138e-01
1.000000000000000000e+00
4.497317535470877203e-01
5.664416267350855794e-01
-2.178098234399725164e-01
-1.000000000000000000e+00
-2.202059312109607703e-01
-3.133331634131031329e-02
-4.980091520342445621e-01
8.323416867283081055e-01
3.021321773954719347e-01
8.556928642040519950e-01
-1.000000000000000000e+00
7.675369406473453449e-01
-2.240445484310089608e-01
8.939355573077860662e-01
-1.000000000000000000e+00
7.861069916228846655e-01
6.192521518422635651e-01
8.182519669819974251e-01
6.816299944123237475e-01
6.655479292371888622e-01
-5.836737579289625888e-01
-1.580976625651384637e-01
-9.928103163943622356e-01
4.179022628897959835e-01
-4.597459782507088977e-01
2.776128179032915089e-01
9.377821038016693755e-01
4.625483332899182898e-01
1.000000000000000000e+00
-4.647336499360827933e-01
1.000000000000000000e+00
-1.839520301677696479e-01
7.845981921447808816e-02
-1.000000000000000000e+00
-6.618648010691943195e-01
-5.587759978844425435e-01
-1.000000000000000000e+00
-7.617852915811200720e-01
-1.000000000000000000e+00
-8.119765536266625450e-01
-4.434193327883028113e-01
1.125477540278780886e-01
-9.420592251783814763e-01
4.040956280783740695e-01
5.399673242027904774e-01
-8.582202255013375858e-01
2.309808340631897550e-01
3.014748522488885918e-02
3.817066768727508386e-01
-2.237087839013671697e-01
-2.693382725271626921e-01
-3.736554743852915639e-01
-8.263827775471020987e-01
1.000000000000000000e+00
1.000000000000000000e+00
-1.000000000000000000e+00
2.030611980421784812e-01
-1.000000000000000000e+00
7.428969519382873088e-01
9.128536723610394255e-01
-3.495566743761584494e-01
-1.143149891120571748e-01
3.607830945123671751e-02
-5.536202325917670697e-01
5.359593089655182441e-01
-5.131597309565694154e-03
1.562240998475401543e-01
-1.000000000000000000e+00
-9.838609934346488617e-02
5.756685106337260383e-01
-1.000000000000000000e+00
6.538533192696194263e-01
1.382015530459010932e-01
6.566356370600416881e-01
1.681187408684521323e-01
-1.251822875526403811e-01
-1.239860501391231162e-01
-1.000000000000000000e+00
-6.704775992768918780e-02
4.786126973335064205e-01
-1.143452543642214797e-01
-5.499034231567758724e-01
3.382524591489237675e-01
-5.716622558444115487e-01
2.187094308502914863e-01
-6.071846326437186914e-01
6.816694089188501948e-01
1.000000000000000000e+00
-3.864991978297096509e-01
6.035464149325118210e-01
2.514185936858955306e-01
-8.929863328157752189e-01
-5.353130792523617121e-01
1.000000000000000000e+00
1.000000000000000000e+00
7.752614497936545224e-01
8.288849299667933046e-01
-8.090016397983457175e-01
-4.506652686953105391e-01
-7.051639769946118630e-01
1.000000000000000000e+00
-7.641880527980904336e-01
-1.000000000000000000e+00
4.934184300921260480e-01
1.000000000000000000e+00
8.724794834610858363e-01
-9.301068749559102677e-01
-9.887521783499477745e-01
-1.000000000000000000e+00
1.207009210185219367e-01
-3.837250069090572535e-01
-2.503184389510584307e-01
-1.000000000000000000e+00
2.564073214320459204e-01
-1.000000000000000000e+00
3.051991082135937505e-01
-7.501840231525358504e-02
4.291259379630194548e-01
-1.000000000000000000e+00
-7.337092106955289683e-02
-2.175989021465865592e-01
3.213646599887268196e-01
5.163957214802884499e-01
-1.000000000000000000e+00
8.619552431642465429e-01
-1.000000000000000000e+00
-7.954693535562138429e-01
-8.519021497702785606e-01
-2.345285054204038211e-01
-3.243024556870585107e-01
6.191516288621297104e-01
8.165739402074150277e-01
1.000000000000000000e+00
1.000000000000000000e+00
-1.253357543253234008e-01
1.222142557805923069e-01
1.000000000000000000e+00
-6.851161623691026659e-02
6.124452500275439082e-01
1.925547858212310892e-01
1.000000000000000000e+00
-4.498591886127742412e-01
-1.000000000000000000e+00
-8.774062451611641666e-02
-9.445965552811059762e-01
2.248861427864381479e-01
-3.925920961442415091e-01
6.706351037613411670e-01
-7.074016930794406743e-01
-7.003035552904917083e-01
-2.322843334161126538e-01
-6.651337384112721018e-02
-9.258646502225652553e-01
1.000000000000000000e+00
1.786810245768304384e-01
-8.590009485209454398e-01
-4.094684193765476543e-01
-5.403593387783596214e-01
2.395240224002823659e-01
-1.000000000000000000e+00
6.806598471261720018e-01
8.928662120002710534e-01
-8.307158472830628027e-01
4.437155471631473169e-01
-2.662533331158615235e-01
-3.689180096588928759e-01
-2.934208102263308193e-01
-5.061039745703728165e-01
3.937499743650068607e-01
-6.548507188918916144e-01
-3.682566102466462432e-01
-5.336311420840776920e-01
-7.198015288759873620e-01
-4.068062434616324108e-01
7.792495193788659957e-01
3.397758178717698030e-01
-9.042470492433543061e-01
-7.526659079813613484e-01
1.000000000000000000e+00
1.941179230477505513e-01
1.062807737144253473e-01
-1.000000000000000000e+00
-6.681503427720802968e-02
-6.861272183209695674e-01
-5.139539035286977420e-02
5.025527222367021096e-01
-8.774313124683608134e-01
-3.718756954436819306e-01
-5.692549923414351731e-01
3.021186392843664970e-01
-3.625876220749895129e-01
-1.000000000000000000e+00
2.414012307288903036e-01
-1.000000000000000000e+00
5.944442807562051456e-01
9.496815899480313128e-01
1.646333246745345091e-01
-2.919219286481899989e-01
8.432774862377967473e-01
1.000000000000000000e+00
-1.000000000000000000e+00
-1.000000000000000000e+00
-4.642385321161246470e-01
1.000000000000000000e+00
4.979544379130507181e-03
-2.041138238034316821e-01
3.412586609202086785e-02
9.041096468951013154e-01
-4.897125805983026381e-01
1.000000000000000000e+00
1.000000000000000000e+00
7.985359823051763062e-01
8.566334208984909271e-01
1.543484963053824988e-01
5.641671845843061472e-01
3.850236628107344128e-01
-4.912590575594435460e-01
1.064678122566453111e-01
-9.543229885258381895e-01
-6.910594196631776320e-01
-9.531483446380459856e-01
-4.069667831379852885e-03
7.255677999435730108e-01
3.622963625688047085e-02
-1.882613504190306097e-01
7.381131399182627728e-01
-2.652610005361426548e-01
2.426023815058426236e-01
2.266154759174072719e-01
-1.475893391953091438e-01
1.834505364291283414e-02
2.171486061919178923e-01
3.668115638722716509e-01
1.000000000000000000e+00
-1.788848260376736388e-01
9.404374109595675657e-01
7.418242307966333993e-01
-2.276582815090488765e-02
-7.327840377084973156e-01
8.368824329868194134e-01
1.879627991210353066e-02
-3.482916629850069112e-01
-5.500677366622302999e-01
4.367892391757591808e-01
-1.939399843234692611e-01
-7.056243705785447684e-01
-2.225987955970589738e-01
7.697546526579805981e-01
4.339265242620555796e-01
-6.629560160462366625e-01
5.693996268873504629e-01
-5.155313514223196503e-01
-4.932523683156553318e-04
8.318775451193787251e-01
1.000000000000000000e+00
-1.000000000000000000e+00
7.526877449385149799e-02
-6.957782237782790258e-01
-9.751180193475572633e-01
1.000000000000000000e+00
-8.732236182853658768e-01
