-2.681800064998742794e-01
-8.794703942154092902e-01
-9.205297498292509539e-01
-7.113151487324141931e-01
4.327331331872645848e-01
-1.000000000000000000e+00
1.000000000000000000e+00
1.000000000000000000e+00
3.869766261733402768e-01
1.000000000000000000e+00
-5.274142709013680541e-01
-8.901864200814643135e-01
1.651305686264945560e-01
6.867519053262949313e-01
3.071758921698228839e-01
-2.990006752849904692e-01
-3.758569195617826875e-01
-6.524914447455651967e-01
7.138049552992059565e-01
-7.499752108871317047e-01
-6.800810621790169819e-01
-5.640639616619910757e-02
-4.975960956997611540e-01
8.683442582422236100e-01
-1.000000000000000000e+00
-2.498622946631252617e-01
-5.410858275703822606e-01
-6.722520710087497298e-01
9.564674093057341508e-01
5.388573734840456098e-01
-7.797135355360325093e-01
6.615837888300271086e-01
-7.246634057633383197e-01
-1.601299533970096944e-01
-8.184493414338989137e-02
2.828966833505286438e-01
-1.926514249842636861e-01
5.161852631002553649e-01
8.811831509287480768e-02
3.722274760582303110e-01
8.800562854109056365e-01
-1.754444975080289293e-01
-2.291589941978793288e-01
-4.137925354438358738e-01
-2.992566014223957960e-01
1.000000000000000000e+00
1.577160886638226955e-01
-1.000000000000000000e+00
-1.000000000000000000e+00
-3.735850486411391724e-01
-1.000000000000000000e+00
2.220929656822795417e-01
-1.586935393460273402e-01
-7.290477466735055811e-01
8.851135627443714737e-01
4.885581506545582098e-01
9.448660551648275785e-01
1.291839207090416108e-01
-1.000000000000000000e+00
-1.003740855779651220e-01
-1.588213224647388178e-01
-5.711317097120891528e-01
-2.249281776672231725e-01
-2.136705524778539367e-01
-8.781429561095843717e-03
-5.720729285815497889e-01
-6.102734426920322086e-01
6.903017151486066094e-01
8.692659236323907468e-01
-5.993864074259613872e-02
2.024100303690035130e-01
2.494902395018867014e-01
-1.241047183539413790e-01
1.000000000000000000e+00
-1.000000000000000000e+00
1.000000000000000000e+00
9.432818105289759725e-01
-1.000000000000000000e+00
-5.170413031817528982e-01
-9.626025200304944018e-01
-2.618233767333906781e-01
-4.161965534341867112e-01
1.000000000000000000e+00
1.988843931579656055e-01
2.724747249962917728e-01
-1.688801358648767958e-01
-4.729462742216700155e-02
1.621864506614083545e-01
1.603620338847873139e-01
3.136687593363718385e-01
9.347011379423677546e-01
7.089603268035056249e-01
2.155057722400007814e-01
-9.598313051455391598e-01
1.000000000000000000e+00
6.892564878017717889e-02
-3.148746602170639508e-01
4.029589403689004534e-01
1.000000000000000000e+00
2.588381124900582808e-01
1.000000000000000000e+00
-9.836535873408434050e-01
-3.827114013433530193e-02
6.978487141432079266e-01
-1.788312219107190959e-03
1.000000000000000000e+00
1.000000000000000000e+00
4.274556526492558906e-01
6.701279656143586116e-01
1.000000000000000000e+00
-4.589642108742810755e-01
5.673839594054155278e-01
3.913572590739435864e-01
-4.753200364725529425e-02
1.893614726376113833e-01
7.104975155912544027e-01
-6.248592355189652725e-03
-8.794343178938945904e-02
1.502454829107788825e-01
-6.310147597343040982e-01
-1.000000000000000000e+00
9.526773244597934731e-01
9.952043062499447146e-01
-5.384324106373156171e-02
-6.944215557637738456e-01
5.615381462842187199e-01
-7.109660348794561990e-01
6.406292001019973092e-01
-2.649133598904460651e-01
1.000000000000000000e+00
-7.465661486708723427e-01
-4.057693690226160665e-01
1.756021002367591510e-01
-1.000000000000000000e+00
1.000000000000000000e+00
-3.577476831271541036e-01
1.000000000000000000e+00
-1.000000000000000000e+00
-1.000000000000000000e+00
1.000000000000000000e+00
1.000000000000000000e+00
1.000000000000000000e+00
-1.000000000000000000e+00
7.409143167724920875e-01
1.000000000000000000e+00
1.430753204018346825e-01
-7.351446825971412746e-01
1.000000000000000000e+00
-4.987711665213541146e-01
-4.341607345566703136e-01
-7.536650858548932241e-01
8.395491966452252042e-01
-9.549644272679218560e-01
-1.000000000000000000e+00
-1.000000000000000000e+00
4.666073418032487541e-01
7.279061161718558548e-01
3.858968199574814295e-01
2.986803251814876270e-01
1.000000000000000000e+00
-2.142621089845753168e-02
-1.000000000000000000e+00
-9.606953687772592509e-01
1.000000000000000000e+00
1.653384113581717330e-01
6.990130221694426105e-01
-8.866608766101521377e-01
-1.000000000000000000e+00
7.266744223258176927e-01
4.911189534835485038e-01
1.383140573042334620e-01
1.582981175854748235e-01
9.861522179169390778e-02
1.000000000000000000e+00
-1.000000000000000000e+00
-3.230860587937200989e-04
6.626396919823136500e-01
1.000000000000000000e+00
2.897184175014171359e-01
1.701681461948617025e-01
5.026593096835898500e-01
-3.842335246263655080e-01
-7.565501781345609356e-01
4.938061699187243914e-01
-1.792167149018331074e-01
-2.607952191021167820e-03
-5.343859691924905952e-01
5.139747919685255795e-02
-2.189557777521059234e-01
4.489648716871823542e-01
5.139845445958075576e-01
3.730925319804520579e-01
8.660015775206186817e-02
-8.015693038370916845e-01
5.201991637962422033e-03
1.470647398758637703e-01
8.663902022969671712e-01
5.167306454313222996e-01
-6.958206398215562860e-01
2.017688809643144454e-01
-7.354899068037199505e-01
2.306776236303852978e-01
-1.189035717347535215e-01
-5.911822790009642059e-01
1.000000000000000000e+00
-8.583351095993274615e-01
-8.124831805604193491e-03
-5.098903641319776914e-02
1.000000000000000000e+00
1.000000000000000000e+00
6.265657399385946569e-01
1.000000000000000000e+00
-4.577069384044605282e-01
1.915703057453954639e-01
-1.000000000000000000e+00
-5.065519516413383716e-01
-9.801162242813338255e-01
3.264839993305950205e-01
-1.000000000000000000e+00
-1.000000000000000000e+00
-8.425884922422731682e-01
-3.295047244441811629e-01
6.171636749158962987e-01
2.573165736462377229e-01
9.864323503023040285e-01
6.766886723075320464e-01
1.000000000000000000e+00
6.762174706523091938e-01
8.756485291365686541e-01
1.914436823749618988e-01
7.376080865925962460e-01
1.296409270023227145e-01
-5.288766366678098185e-01
1.000000000000000000e+00
-3.309284651114244302e-01
8.136681040762245853e-01
5.624725310286764479e-01
4.907146518811349445e-01
-1.000000000000000000e+00
6.945823598682410172e-02
-6.933274691072839335e-01
1.000000000000000000e+00
-1.000000000000000000e+00
3.149481196989005194e-01
-1.579054793718657757e-01
3.566983446421705395e-01
8.666500007928439331e-01
1.000000000000000000e+00
2.718845455718283954e-01
2.868687772034554939e-01
-7.793693039817384260e-02
7.485615635652769218e-01
9.559057744354346742e-01
1.000000000000000000e+00
6.548793449667014155e-01
-1.000000000000000000e+00
4.096555238001821642e-01
5.361919613200682999e-01
1.000000000000000000e+00
6.953908554444581114e-01
-4.198048312122945047e-01
3.507258226356155251e-03
5.347905628250138044e-02
-6.298065147107727579e-01
9.192712240111964306e-01
