-2.796481148801488459e-01
2.482504519124260067e-01
-1.000000000000000000e+00
-1.000000000000000000e+00
-7.784613117893287582e-01
1.000000000000000000e+00
-9.574803450755429157e-01
-7.863916449369503514e-01
2.110142939675815899e-02
-6.657871625299391916e-01
-6.662510698399279896e-01
8.854178633836990997e-01
4.637812154190817937e-01
8.339208616261470919e-01
7.068603769533624570e-01
-9.954298825650580440e-01
-4.384011612594072016e-01
1.858868832340483390e-01
6.932090930574592580e-01
1.000000000000000000e+00
-6.953013251498969538e-01
-4.425590054234853632e-01
8.587701913076739579e-02
4.085194921431729020e-01
-1.983098856747564920e-01
-1.628096794198721498e-01
4.767278204808048092e-02
1.000000000000000000e+00
2.398436368410709063e-01
4.931449736120847582e-01
5.181156961849033848e-01
1.000000000000000000e+00
-5.359558303411682267e-01
-9.572001736887321144e-01
6.783173716136626785e-01
-7.457581562505587458e-01
1.000000000000000000e+00
2.406256030772206123e-01
-3.840596205195778712e-01
1.000000000000000000e+00
-1.000000000000000000e+00
-1.000000000000000000e+00
-1.000000000000000000e+00
2.422126316824370351e-01
4.540277858056313565e-01
2.952703092401395280e-01
1.000000000000000000e+00
8.267543806176409493e-01
-3.739961436036812747e-01
1.320903573227012462e-01
8.578476472259604080e-01
4.028839876655629926e-01
1.562094107022509171e-01
1.000000000000000000e+00
1.000000000000000000e+00
8.516560752804138712e-01
-5.016353740648900050e-01
-1.000000000000000000e+00
-1.814631431587621080e-01
-1.000000000000000000e+00
-4.888214663455933695e-01
-1.000000000000000000e+00
-8.603733900602953399e-01
1.584615019057934726e-01
1.882187592681625610e-01
3.237996339825450764e-01
4.886677693081518115e-01
-5.286482800570491136e-01
1.000000000000000000e+00
-1.056240335119452978e-01
3.068369012917292887e-02
6.265315211784602267e-01
-9.734203409811434948e-01
2.586471706711597207e-01
-1.000000000000000000e+00
4.594481947061847538e-01
-1.000000000000000000e+00
7.991458799887640740e-01
-7.223248140814262364e-01
-2.822961410656426029e-01
4.858576146776671933e-02
1.000000000000000000e+00
-1.000000000000000000e+00
8.569305716360113845e-01
-1.823578452189720256e-01
-1.000000000000000000e+00
1.000000000000000000e+00
7.593211884569628367e-03
1.000000000000000000e+00
7.008453697667418325e-01
-1.754592827727777249e-02
1.000000000000000000e+00
3.049478948321019400e-01
1.000000000000000000e+00
-5.879310772391401763e-01
8.565670188535280671e-02
1.000000000000000000e+00
-1.000000000000000000e+00
7.729274127383867210e-02
3.042113489246612845e-01
-2.324273274295927116e-01
1.000000000000000000e+00
9.393641685728488788e-01
-1.241019384746540055e-01
-2.419998988269755902e-02
-1.046276230660341949e-01
1.000000000000000000e+00
4.018559295040993740e-02
-7.902237725610923302e-01
3.842705988385042293e-01
-6.506983972017659212e-01
7.915787117509685000e-01
-8.767371234558445359e-01
1.682966663694916987e-01
5.974881398311759906e-03
-1.000000000000000000e+00
9.591883132905865139e-01
-1.000000000000000000e+00
6.816577235859442307e-01
-1.000000000000000000e+00
-7.709204724473897041e-01
-2.400425238148782281e-01
-2.674501200252399347e-01
1.000000000000000000e+00
6.997417438429347492e-01
-1.000000000000000000e+00
4.308319561605207237e-01
-8.100548574999342222e-01
-4.681501434859260402e-01
5.963741043776548123e-01
-6.355465907568557116e-01
-8.965435385538137458e-01
-8.272699982927311790e-01
-1.191153075698479363e-01
5.671956775033033527e-01
-2.798114917454637696e-01
-5.845001165378613806e-01
-7.021453999279225755e-01
2.058272420271018421e-01
-3.323080851116980705e-01
-1.000000000000000000e+00
1.000000000000000000e+00
5.728736024858571696e-01
9.241645798991201533e-01
-1.292543239606801508e-01
-8.488034346358288573e-01
-9.862453104105823876e-01
-9.175322213715171316e-01
-3.549016437038015059e-01
1.000000000000000000e+00
-2.648455932519067080e-01
-2.507795227880538214e-01
-3.903553932712653385e-01
-1.000000000000000000e+00
5.654188109572996224e-01
1.000000000000000000e+00
-1.717080594822538719e-01
4.705849741860144153e-01
4.656029708753963714e-01
6.193069256140859569e-01
1.000000000000000000e+00
-3.818300239792123962e-01
1.522837634416644992e-01
-7.494136799723090103e-01
1.000000000000000000e+00
-9.583310331121155379e-01
-8.791610171218821046e-01
7.809243915750574416e-02
6.761084929585321479e-01
7.042260058356075714e-01
9.236704419925645393e-01
-8.966313529835090446e-01
-3.761932545942425765e-02
-6.744661209034852334e-01
4.449824826854007487e-01
-7.224680655363346915e-02
7.024379930553096285e-01
1.000000000000000000e+00
1.000000000000000000e+00
1.650139745229777244e-01
-8.017579405065610176e-01
1.000000000000000000e+00
-3.479230193468805243e-01
-8.042476902305134567e-02
-6.161163616642487129e-02
7.162025264519316092e-01
1.000000000000000000e+00
-1.000000000000000000e+00
-9.362020215750002095e-01
4.051999478487147699e-01
-9.295821920145975747e-01
7.018395241430167575e-01
6.827236888431403861e-01
-1.702675093614489654e-01
-8.768003479982433568e-01
4.737500315731376643e-01
-3.581358128891087844e-01
6.267474107005299722e-01
-8.073893707027939293e-01
-8.449855500549330323e-02
-4.698170122885931832e-01
-1.000000000000000000e+00
-8.573153913882908261e-01
-6.155932791081548672e-01
-6.463326157989481846e-01
-1.000000000000000000e+00
4.866303349514307097e-01
-1.000000000000000000e+00
1.000000000000000000e+00
-1.000000000000000000e+00
-1.000000000000000000e+00
1.000000000000000000e+00
1.000000000000000000e+00
1.000000000000000000e+00
1.000000000000000000e+00
2.359610504921741403e-02
4.119225870309680682e-01
-1.820217672541926679e-01
-1.000000000000000000e+00
-1.000000000000000000e+00
7.611099810838017898e-01
-8.447236194113719732e-01
7.146444021585147688e-01
-5.192860893082695828e-02
-9.277635297133777215e-01
1.000000000000000000e+00
-1.472053155950052705e-01
-5.588909903184240413e-01
-8.038864028847088061e-01
6.561152380912141924e-01
1.000000000000000000e+00
-5.978643982041983440e-01
-8.784498767431851984e-01
-8.285480695265201589e-02
3.890457649336900303e-01
-4.227417242957301480e-02
2.979313975080407628e-01
5.201345355675144333e-01
-8.017093597935253113e-01
-9.692897249733798404e-01
1.000000000000000000e+00
5.147719831386363687e-01
-5.956094140087992983e-01
6.372173640903795455e-01
-1.000000000000000000e+00
-5.244367767399729097e-01
2.026833020756824144e-01
-5.128110483487515747e-01
3.006596110757002727e-01
1.000000000000000000e+00
4.650646951093675430e-01
-4.361740827728928238e-01
-6.498668180497904068e-01
2.487537208105001785e-01
-9.534141890390075424e-01
-2.990804991773912125e-01
1.000000000000000000e+00
2.051710643182842742e-02
-3.109761617215532348e-01
7.028535246130911407e-01
-6.480830790634389826e-01
-1.251584199913766682e-01
-1.921865464341014906e-01
4.265642546278792802e-01
9.173868914343019654e-01
