-6.880695312366177374e-01
9.867972080499860521e-01
-6.386129683404029311e-01
2.491047635349222938e-02
5.884986391227913227e-01
7.254764014067591749e-01
-1.000000000000000000e+00
8.055547518150261155e-01
-3.996434650303388736e-01
-1.210188279950817625e-01
2.968827957507773618e-01
1.165134803732829211e-01
7.007379236045989668e-01
2.217512083006285550e-01
1.169796357421180044e-01
-6.048080105094413295e-01
6.582955898058749922e-01
-9.095281147401412802e-02
4.441920106403116630e-01
3.726403871594193840e-01
-3.771371928296866627e-01
-7.932195151276999479e-01
-5.043930830063736437e-02
9.953323506724898184e-01
5.044311929144449369e-01
6.067767060850328686e-01
-1.225642844883427784e-01
1.497348284811987895e-01
7.306137122373610460e-01
-1.000000000000000000e+00
1.000000000000000000e+00
1.000000000000000000e+00
1.000000000000000000e+00
-6.161505804361372407e-01
7.388157850124765780e-01
5.371267174713836301e-01
1.000000000000000000e+00
-1.000000000000000000e+00
-1.526689030788024315e-01
-5.021058584547644088e-01
4.043086062068785846e-01
2.778422836436040821e-01
-2.261880529386032790e-01
-1.000000000000000000e+00
1.000000000000000000e+00
-6.486917971720440601e-01
-3.265789338478553017e-02
1.881064936561687162e-01
-5.951900820266999848e-01
-4.868498343171887566e-01
-6.422448609419688648e-01
7.723262294670591999e-01
2.289605397884222349e-01
-5.017107965973117700e-01
1.015759072981234912e-01
-9.599648962489629733e-01
6.464287392065928284e-01
6.452450130908686798e-01
1.000000000000000000e+00
-7.074122013178474333e-03
-7.497813006306857098e-01
-7.066188891959863660e-01
8.673142387167827039e-01
-4.928042794685720818e-01
-9.715680923036035255e-01
-6.995525127164843315e-01
-8.037288519009113674e-01
-1.000000000000000000e+00
1.000000000000000000e+00
-9.737033704771138609e-01
1.000000000000000000e+00
-4.937980285732077590e-01
-1.000000000000000000e+00
5.745646495526477437e-01
1.000000000000000000e+00
-7.887642194282540320e-01
1.000000000000000000e+00
-4.327485978432032976e-01
8.137881168703702262e-01
-9.417358241948416975e-01
-1.000000000000000000e+00
8.227148317946093581e-01
-2.220479772894543569e-01
7.408959808599546726e-01
-7.916995325198339373e-02
-5.016913448468518499e-01
7.556052915642835766e-02
-6.154441600092983022e-02
9.214706437400264072e-01
-1.000000000000000000e+00
3.084811991654288210e-01
3.431084745588995899e-01
8.248514524785744984e-01
9.143054798386912596e-02
-6.314958344821488545e-01
1.000000000000000000e+00
-5.550852190510413564e-01
5.583933007473298460e-01
-4.488421974433592920e-01
-8.442887938003087456e-01
1.913907785594327060e-01
-8.014089594808062600e-01
-1.000000000000000000e+00
1.913787506286043771e-01
-5.064817021054301982e-01
1.000000000000000000e+00
-5.180143901286744512e-01
-3.973486763050842474e-01
6.634758388389736528e-01
-8.824970298371495048e-01
-1.520588780212150937e-01
-4.119859307373785473e-01
8.121012204640845056e-01
-1.000000000000000000e+00
-8.546810983478916324e-01
-2.168438181989459645e-01
-7.159798738149804054e-01
-1.000000000000000000e+00
-3.033890508707111078e-01
5.986788258245216987e-01
-9.074308170490960057e-01
1.834827651996169262e-01
-1.000000000000000000e+00
1.623042648486378303e-01
-1.730184336344465779e-01
-9.349562660341076414e-01
-1.000000000000000000e+00
3.456351073080794478e-01
-8.775672676664358907e-01
5.973849718600638958e-01
6.331040197290581650e-01
4.122112693034331588e-01
-8.312268331191863258e-01
-5.174634748532037642e-01
-1.000000000000000000e+00
8.423876424332860102e-01
-1.532007155928880593e-01
-3.282279173484013435e-01
9.799410932389518436e-01
2.758439023946872015e-01
2.542051552056301400e-01
-5.269703236407941027e-01
-8.533654489563040624e-01
5.944347807409500195e-01
7.559269957495438064e-01
1.000000000000000000e+00
1.000000000000000000e+00
9.944764892939237377e-01
-1.000000000000000000e+00
8.122783166465257221e-01
1.000000000000000000e+00
6.628930468549516508e-01
8.841222046994785533e-01
2.378774990842926762e-01
-8.122770465084350189e-01
3.581299244294192663e-01
-1.915825502168608530e-01
8.252376447343878763e-01
-1.747080116175974140e-01
-2.519647460378739989e-01
-6.641369465042377129e-01
-6.943537717007719490e-01
9.584889345486793388e-01
-3.024408456104350496e-01
-2.536339814073473864e-01
-3.314649952543562428e-01
-1.000000000000000000e+00
1.582116402060345650e-01
-1.000000000000000000e+00
4.400078621901201692e-01
6.181607490121689974e-01
1.168683756774462346e-01
1.538163546611270860e-02
-5.956167248703412298e-01
5.150653600337075089e-01
-2.086378857810984311e-01
8.753977527421696880e-02
1.000000000000000000e+00
-1.000000000000000000e+00
3.666542409599230501e-01
-1.000000000000000000e+00
-5.199545842904782500e-01
1.000000000000000000e+00
-6.880310242806397802e-01
-1.000000000000000000e+00
1.000000000000000000e+00
5.099079839276667858e-01
-7.636240197027819310e-01
1.000000000000000000e+00
5.870380009379989605e-01
4.122769561334840849e-01
1.000000000000000000e+00
-7.535076295477931563e-01
8.478315561968519098e-01
-8.702632915020476201e-01
1.000000000000000000e+00
1.814707646700419730e-02
-1.000000000000000000e+00
-2.335264824699903041e-01
6.291620875118479894e-01
6.034740902507360616e-01
9.033280531852544426e-01
-2.384787154330476611e-01
1.653208653252737914e-01
2.973491169097126630e-01
7.076926051070153711e-02
4.313171641850123139e-01
9.104523282616960866e-01
-1.971486257466605885e-01
7.721199600864310231e-01
6.624448838791486827e-01
5.400637026689025788e-01
-4.920080089036773519e-01
2.718120719837456845e-01
-1.362888874242706438e-01
-1.000000000000000000e+00
1.000000000000000000e+00
1.386623774887272842e-01
1.927847065591121734e-01
6.977407335591943038e-01
1.108900513577095737e-01
-1.552216342020504847e-01
-2.253555587300477558e-01
9.924195375928208662e-01
-7.591649275727108126e-01
3.132034059838242346e-01
4.893453480796896571e-01
7.922241148020687795e-01
7.252344309354008534e-02
3.060206378339491717e-01
4.676011010935894330e-01
-1.829677088343768521e-01
-1.646713611948692202e-01
-5.326810465338180922e-01
4.711138780715535268e-01
5.594351438063909221e-01
-7.175610618887469094e-01
-7.859278210309978974e-01
-1.152223824957669396e-01
-3.006875551059344787e-01
-8.201972529351755359e-01
4.792037202258827566e-01
9.453788916577845480e-01
9.622421905838054457e-01
1.000000000000000000e+00
-7.818405876983891556e-01
-6.062335075106055626e-01
6.085069452024118863e-01
-4.463440593878131857e-01
4.744551123573366724e-01
-8.682493867787866026e-01
-1.465612089329899059e-01
9.072921476391420104e-01
4.684129028397274741e-01
5.124174282808675596e-01
6.411740754137407183e-01
1.168684102610300091e-01
6.863210153895829002e-01
1.000000000000000000e+00
-5.484608223341269628e-02
1.000000000000000000e+00
-1.000000000000000000e+00
-9.870299904958115267e-01
-6.768814122131098232e-01
1.784685030451025334e-01
