6.700520320676788266e-01
5.871152633629452833e-01
6.088496439630741719e-02
7.490216558655943269e-01
-4.167198724571203883e-01
-9.134248436725256326e-02
1.000000000000000000e+00
1.839822536212875614e-01
9.128288199534215774e-01
1.028933579652531183e-01
2.641930668567277207e-01
6.344046014853854665e-01
4.888383314182467299e-01
5.123446871186834173e-01
8.860933435768634236e-01
7.443670259070122031e-01
6.818129970577988530e-01
-3.716643202876044882e-01
-9.271174418734275113e-02
-5.174495163743435544e-01
1.019990170972171206e-01
-3.088494428938660663e-01
8.119001024063261518e-01
-2.377711643873795522e-01
-1.440917605657050515e-01
4.471283629957899519e-01
-5.930977992773623919e-01
-9.057308676796197444e-01
6.553110234209986729e-01
9.433948075755804741e-01
-2.909136027913488132e-01
8.407729910386800842e-01
-2.870035029543863692e-01
-8.872665088305309311e-02
-7.976396449813925038e-01
-1.689821558069188878e-01
-9.555873624988577841e-01
5.579304771882331870e-01
-1.728111281959167078e-01
4.441434275098089524e-01
-6.948773930836313895e-01
1.387592677432459842e-01
2.948242997140296251e-02
2.262834749529918366e-01
-1.770904845757335089e-01
4.974971342732412705e-01
-3.903288437641077024e-01
-9.947136540530206184e-02
3.131837476979966728e-01
9.830626326054467956e-01
1.185534840250996175e-01
-6.854727699069824709e-01
9.107149464172303865e-01
-1.000000000000000000e+00
8.630022239034060294e-02
-3.833973507121095636e-01
-5.121610835045458110e-01
-1.000000000000000000e+00
6.784964728117238719e-01
-3.118165993467948705e-02
6.678239175648355008e-01
1.632000900596639603e-01
-6.811518924568962241e-01
-1.056272532887163607e-01
5.435792366143870069e-01
-9.374133993981546009e-01
-6.173532091478068917e-01
-1.790208704830806019e-01
-4.202646872426082370e-01
6.467072414780086209e-01
4.597747444922423155e-01
3.722995210024795387e-01
-9.002008511095971333e-01
6.388278688582825771e-01
4.864331745682162200e-01
-3.850318676391029094e-01
7.988744248906502754e-02
1.186034595166638450e-01
-1.607990977005521738e-01
-9.911002202560990071e-01
9.081440321867252363e-01
2.719707039677833893e-01
5.346213320538919511e-01
8.622221096329498735e-01
1.657226445297663719e-01
2.348467907918136977e-01
7.862216550374256929e-01
1.000000000000000000e+00
8.654154983673676416e-01
-9.307591530413029668e-01
-6.006449497233206092e-01
6.727839076012496200e-01
-8.174777450903426834e-02
1.380024414081628681e-01
1.072593894492801514e-01
4.442173131180082168e-01
-3.788491879235040827e-01
8.124433375317906547e-01
4.710616545106303121e-01
6.972090234083634375e-01
8.550135332683828082e-02
4.618020099293478897e-01
-9.172953066201896544e-01
-7.047247180578599668e-01
-8.552989251542710836e-01
-2.452329581745041898e-01
-1.236988046679101672e-01
8.111769591564763626e-01
-7.284787788626672089e-01
-1.576335297951759681e-02
-1.000000000000000000e+00
-4.572778170470094272e-01
4.156181976392077093e-01
4.501149168958344937e-01
-9.725983111607772180e-01
7.952689555525693788e-04
2.546181192481737354e-01
3.553868029575069087e-01
5.079392818349590666e-01
5.735655928665350789e-01
7.314487878864912584e-01
-9.604868364106933232e-01
-3.347166671186443399e-01
-7.917116244534019298e-01
3.516286928864027495e-01
4.333834028585517584e-02
-2.088727866174100445e-01
9.430738535799019218e-01
-6.377531730327120618e-01
1.677410691701294865e-02
9.835086738512563986e-01
-2.415021095831387243e-01
3.314202471002162809e-01
-4.192363067088673012e-01
3.553179566312585358e-01
2.421795793267584873e-01
-1.000000000000000000e+00
4.693444267000180248e-01
2.874621816367517457e-01
-8.227605915837314932e-01
-5.708257486332797281e-01
5.754336508816206841e-01
8.552436159248214542e-01
-2.178138993295155590e-01
-3.037166758223899254e-01
6.655639468376571832e-01
-7.661479781777968956e-01
9.308015409002272644e-01
-9.550787379736102034e-01
-9.762492921824642567e-01
6.016294941251955075e-01
2.408324290133847523e-01
8.313576752945527337e-01
7.353703009725327533e-01
5.513344497913592601e-01
-7.983047556591698068e-01
9.265823876556229521e-01
-1.925108690684258494e-01
-1.604068180721214265e-01
-3.275992262517447851e-02
6.563423603404854312e-01
-5.315471068518822229e-01
4.240759499532920085e-01
5.840957685678478395e-01
2.639182262225592268e-01
5.707350418562995298e-01
1.000000000000000000e+00
-6.981431147602308318e-01
-6.461723691085339283e-01
2.375330110773352654e-01
5.333956033809656994e-01
-5.522519883589369627e-01
7.529699151700477433e-01
-9.697837111364759899e-01
-8.884467694193165510e-01
7.649101000111442339e-01
-7.459518160980496138e-01
-9.754372402245959917e-01
6.062493022008854648e-01
1.678621715535606462e-01
3.549091090796713255e-01
-3.991900338592267450e-01
-1.000000000000000000e+00
5.623296747672111850e-01
-8.409073461193697918e-01
-9.884256639024797675e-01
5.429385972397084981e-01
-3.278757966876313379e-01
1.997626570976211435e-01
-8.605156577765684656e-01
-1.653706483040907893e-01
1.746381407241543171e-01
8.704988345440470843e-01
-1.901291968256613174e-03
3.443523720774365193e-01
-5.858734139966992327e-02
-9.752712328265928932e-01
-9.029603569926283324e-01
-8.225778653593370793e-01
3.361818426851737041e-01
-1.605575546115095564e-03
1.960609863714984913e-01
5.582642508890153232e-01
-4.227483674163370342e-01
7.366665755692490825e-01
-2.239803111982569261e-01
5.208226331271008647e-01
1.223904406564074177e-01
8.791569908598730887e-01
8.265644067286488372e-01
4.844154232656218695e-01
5.199530928142528374e-01
-6.771967377785474973e-01
1.926331609306839443e-01
-7.434575440318923478e-01
-6.907761513647370233e-01
5.465124123618710916e-01
-7.714294056734234406e-01
-8.470287105808977923e-01
4.946906463091385597e-01
6.452378031586969431e-01
7.796328209011142985e-01
8.916012370336041937e-02
5.746942402631010083e-01
-4.691384317133140414e-02
-3.379659128096044185e-01
5.819510778386868116e-02
3.093792630071150462e-01
7.745281791274838401e-01
-4.461253271884381144e-01
-7.131862261748889154e-03
5.966887616134064487e-02
3.454797572164678421e-01
7.750185899621481189e-01
5.652448225534261184e-01
2.861694217901302739e-01
-2.248838897203087051e-01
9.021536938875707179e-01
3.087615067557203385e-01
-3.741042350492962965e-01
-4.313293876074209554e-01
-2.066924921472903520e-01
7.647879894388009969e-01
3.562500576413192288e-01
-1.585298812792808598e-01
5.076978728698053889e-01
4.257488963002579174e-01
4.020450057380393072e-01
-4.470361491524280639e-01
1.846690223139449971e-01
-4.186662695782694676e-01
7.898509097830570536e-01
-7.028725613260082827e-01
-4.377832741302816189e-01
-4.135590692611595953e-01
3.427974592108378182e-01
5.673228148229327861e-01
5.852902048173675986e-01
-6.568966252329027089e-01
4.715396550878885318e-01
-4.529862970085032359e-01
-1.265274696332252535e-02
-6.648254549245795619e-01
5.750296426332142108e-01
1.631159051765027623e-01
