1.240063787001532136e-01
5.119317656701807273e-01
-1.147337413255817840e-01
6.460877099791408895e-01
5.869199591331852872e-02
-1.563522162168951013e-01
-6.190075469404439090e-01
4.712073360462099014e-01
3.638125870331174738e-01
6.713260650541474917e-02
2.231412683485795023e-01
-4.525521730176294000e-01
2.243658058497519647e-01
-1.097745156676738221e-02
9.154017292065532718e-01
-4.597541158224349722e-02
5.242247943442818192e-01
7.225590984598635469e-01
5.583774744601814888e-01
-3.687586743216153540e-01
7.055177115542021760e-02
-9.059609406748347915e-01
6.900934414924404514e-01
-4.657732971092620744e-02
-9.132745542079989676e-03
-1.823687251278141019e-01
-6.451064377092358137e-01
-8.504532184294779640e-01
-6.885737997984223702e-01
5.328245641124940146e-04
-7.826983980995315671e-01
-2.845840919497460986e-01
-4.146300225051735566e-01
-4.379502843671504997e-01
-8.385282496728274637e-02
-5.245494780096969789e-01
7.545228670350598854e-01
-9.790304441326377338e-01
-4.477398955489224619e-01
5.124905176839489318e-01
-1.000000000000000000e+00
8.389211147048298844e-01
-3.682572865057049949e-01
-5.830262521818679877e-02
-3.261704235850408917e-01
3.628469784177934532e-01
1.868200990041183895e-01
-3.976939277247975024e-01
-2.611283638675154783e-02
-7.035102309236113127e-01
-7.479155345346724104e-01
3.172226562904374436e-01
-9.407391225235239851e-01
-3.786131159631505039e-01
5.115574785439105376e-01
-2.971504038856052077e-01
-1.130986319284099650e-01
-2.203806826538778907e-01
7.322076322157089479e-03
7.924802512819963951e-01
8.943948404361962146e-01
-2.819459680324408746e-01
8.249832576521655414e-02
-2.822526765001356353e-01
-8.883516430488946902e-02
2.777979881958121400e-01
3.260445078694045318e-01
7.658820428413439796e-01
5.633279894120750697e-01
-2.738830239678655687e-01
-5.085139220886421008e-01
-3.591476407810592075e-01
1.260424928825201185e-01
5.553540481697871734e-01
2.199904117580178675e-01
9.545605551516063159e-01
6.964680739726889502e-01
-1.000000000000000000e+00
-3.979436029736304059e-01
9.851761423746538959e-01
-5.684845697690721344e-01
-4.738208749935980402e-01
-9.925783694828460568e-02
-6.331791968683705418e-01
9.946132025351257511e-01
4.139817711179352711e-01
-8.575530231115489066e-01
6.193759827620185510e-01
4.167953313526480130e-01
-8.624174891777651730e-01
-4.606604685714995040e-01
9.955026439755494394e-01
-6.315815184945949845e-02
8.101917378563883165e-01
3.672665784493003849e-01
-3.618954525122972665e-01
-1.620577313614257609e-03
2.474603556614176636e-01
-9.300308997882782425e-01
-9.148912366710084676e-01
1.614716245459828503e-01
-5.551081579850949410e-01
6.181594802756935625e-01
5.137079955084655758e-02
7.932415311529066315e-01
1.082436222105172541e-01
8.079398418433680895e-01
-7.481430184613603318e-01
-2.409629000259136955e-01
5.274076424327396317e-01
-9.984446493165052283e-01
-5.302923371613570414e-01
1.607273008696086247e-01
-6.290836375656947421e-01
-2.493784715629821513e-01
1.000000000000000000e+00
5.646695421746363852e-01
-5.487778513658407853e-01
-3.995214108447349144e-01
4.003341341004316156e-01
7.524443902629722736e-01
-8.759168875397893572e-01
4.913795529765274672e-01
-7.095133383090902468e-01
-2.831091846172237858e-01
-2.853914325557593834e-01
5.346200213614631380e-01
-9.426133902751367977e-01
-8.222305328858533491e-01
1.078653442656452022e-01
-1.626081893247538490e-01
4.766888073049921348e-01
-3.254325585690696077e-01
-7.257204282120568450e-01
-6.226020421114182302e-01
6.917465969013940619e-01
-2.134040041683160638e-01
7.403340322092096804e-01
-3.918809104088925022e-01
1.673865462819906780e-01
-5.557252050517508257e-01
5.600696752139362466e-01
-7.067068220653192068e-01
8.216437307596042849e-01
-1.000000000000000000e+00
-6.410201193968694255e-01
9.277888975900312474e-01
-1.929823458357245169e-01
7.528575280760556598e-01
-3.395245319730011424e-02
-3.122921563963989566e-01
-9.340182314906779748e-01
-7.774397668559563934e-01
-3.462964320478700841e-02
4.384871247697683661e-01
2.613492136268418253e-01
5.516068152294015814e-01
4.207669041260004850e-01
7.195635023366098171e-01
4.423986474492775933e-01
7.125403356220925133e-01
-6.247651012316522701e-02
-2.495530108717547435e-02
9.516537221390930501e-01
1.422722266974403293e-01
-1.378006471236583874e-01
1.870041922524107447e-01
6.581467015856574676e-01
-4.344990325003479370e-01
8.885251002294910494e-01
6.826007927453456858e-01
-5.424703870506404346e-01
-1.444611208042068107e-01
7.831896992401921054e-01
3.410672971909886053e-01
5.962924210993496565e-01
1.022743590404462388e-01
-4.426758751215276178e-01
1.937921090932777091e-01
4.131750436713437225e-01
-8.859905255125142265e-01
8.227385346094301388e-02
2.345873100783144594e-01
-1.858123967932789888e-02
2.134922944377195542e-01
1.669790232035024413e-01
-8.516745718599396664e-01
1.000000000000000000e+00
4.171683138810977076e-01
1.769374741285334451e-01
7.858688343519519837e-01
4.448127654582825774e-01
-6.448143890401124567e-01
3.738883650176911821e-01
7.112846559398722235e-01
-7.945803930126316139e-01
-1.000000000000000000e+00
9.036765936229762541e-01
-9.406983357924898481e-01
-9.983513363759048964e-01
1.000000000000000000e+00
-6.183502639267877132e-01
-2.401021727141789130e-01
8.566625036744646149e-01
-1.000000000000000000e+00
6.865465301912325735e-01
-4.250487785482637837e-01
3.194594621808658497e-01
-8.115332065358596414e-02
-7.012899134490242492e-01
-5.264816035200583499e-01
-9.701901873437250856e-01
-2.251710015198717940e-01
-1.441331444746853929e-01
8.730095025241588758e-01
-1.000000000000000000e+00
-5.003258720085659306e-01
4.260433766553662488e-02
-1.606711755381581286e-01
1.206521722288395604e-01
3.068325280943873246e-01
2.112844613510156400e-02
-1.901931620441723592e-01
1.891918676648611797e-01
-5.514236549450490799e-01
-6.418594717448785625e-01
7.194252793442155181e-01
2.894518188822704508e-01
-4.816487180539530399e-02
-9.636251325061897521e-01
9.043874658593286098e-01
-8.788022475926590693e-02
6.669024261478235793e-01
1.025585625623668395e-01
-2.664343581662143023e-02
-3.725938283000890805e-01
5.252754494256487439e-01
4.927719609783589583e-01
5.320333270874982867e-01
5.078621366670301729e-01
1.581083650369810023e-01
-1.600433319178546365e-01
-7.607669992339012310e-01
7.248912147363961722e-01
8.586243029184220665e-01
-8.622778605256228301e-01
8.525052237624023421e-01
3.846181457115417368e-01
5.034901634010380267e-02
9.450127317082378520e-01
-6.427980481085766584e-01
2.919188415233555656e-01
7.259830599637098203e-01
5.267459211608314096e-01
5.441403886446818383e-01
9.696887716555446790e-01
-2.130481800609660414e-01
-9.247780452064188195e-01
-7.538630370013059689e-01
4.863643793685252792e-01
1.645825356333627809e-01
1.235172018515044989e-01
-4.833263849176478999e-01
1.357394160938225069e-01
-3.667070504865870273e-01
