-7.056842330972021293e-02
3.761662334905250815e-01
-2.182658596231377146e-01
-8.035052406216767196e-01
-2.512975035692186498e-01
-3.404209392990631411e-01
8.882774502423524954e-01
1.000000000000000000e+00
3.595928816558405794e-01
8.224331249827283585e-01
6.722515127342771901e-01
7.704653667667795691e-01
-8.532725862113362814e-01
6.304590613221682238e-01
-8.158341096411045879e-01
-1.455750551408920845e-01
-8.942974336743254593e-01
7.169726334271060431e-01
-5.824048994047429373e-01
8.332660230955609704e-01
3.254889597645563293e-02
-8.753796549345560507e-01
-8.626099116048580040e-01
-5.504559574278056200e-01
6.522999269805894451e-02
-1.991399724031417129e-01
-4.556677019317612043e-01
3.932054883279942903e-01
9.473840813841064579e-01
-4.092786821788343410e-01
4.599013493223583771e-01
1.000000000000000000e+00
6.173656872661247297e-01
2.696459028286504189e-01
-7.574596625219361945e-01
-3.548236427702468609e-01
6.957788093287615716e-01
-5.268873965653408931e-01
4.667536431693894983e-01
9.983931230237939047e-01
-4.007557720065271223e-01
-1.804871334736456445e-01
-5.541109662464206442e-01
3.283358874113935788e-01
-5.235182897707524319e-02
1.183654945979812911e-01
8.774360204936163532e-01
-3.938039203839512892e-01
-5.467124606850547464e-01
5.363465913798730611e-01
-1.771966608378357233e-01
8.015213540613126686e-02
7.867811637994350793e-01
-9.309412365914764287e-01
6.892549526369319279e-01
8.317739150902494494e-01
7.733642331355445876e-01
-6.620626075443759584e-01
2.342761480271091656e-01
6.290704116110751309e-02
-1.145152187382350167e-01
-7.834471069757170669e-01
4.658741434170878826e-01
-1.650993561971579315e-01
3.103488861900711715e-01
8.754999038795066024e-01
-4.120733644016216779e-01
9.392426443491236343e-01
1.000000000000000000e+00
2.378644889577631039e-01
-8.149622107005775051e-01
-9.486979113077524950e-01
-5.185059261273191611e-01
-8.609488400902427507e-01
-4.236885837850370429e-01
2.617130991176515042e-01
-6.886259550716344879e-01
1.989857224470660269e-01
-2.652478251975224355e-01
1.820319362674189811e-01
7.653497609595333318e-01
5.626016665600802602e-01
-7.856122950296400287e-01
5.387007499618516881e-01
-2.179800645281139981e-01
-4.287315555329015426e-01
7.481689767943682234e-01
6.762500293759879932e-01
-3.388278842001023472e-01
-1.775672497456800003e-01
7.233378278869470046e-01
-2.477669394954419846e-01
-6.413903506461504644e-01
7.231036894866398335e-01
4.821238970994407014e-01
-7.365329848503539001e-01
-5.016979388812811136e-01
-5.155029456419968348e-01
5.846604680421240152e-01
-3.045217403252405419e-01
3.438661660980058543e-01
6.927221384701569562e-01
3.870317998412195482e-01
2.588403801965951656e-01
7.100939096347846924e-03
-1.552462534790503834e-01
-8.101131672781014537e-02
-3.749015441431333695e-01
-6.611275145850034063e-01
-8.120326438077658526e-01
2.762770977930642524e-01
-8.703895865718276337e-01
6.627736362800673575e-02
-5.500648041694689017e-01
-3.957371077904977552e-01
1.241245386096112291e-01
5.445654095166649888e-01
6.247477291797228771e-01
4.689628757146449001e-01
-5.319016350519993885e-01
-7.920237089055239821e-01
-7.192745587003623875e-01
8.676077866781021219e-01
-4.836908426271838701e-01
5.960598800822167753e-01
-4.659363422175689662e-01
-6.390180993012251065e-02
6.165965374434789759e-01
4.896012861982729225e-02
-8.866887027997913950e-01
-1.497058577114768196e-01
3.868426296132434494e-01
-9.922444772030758475e-01
2.510957715750232189e-01
-9.411549512542074503e-01
-5.672518134964030234e-02
7.721898217024851796e-01
-5.422252497622314094e-01
5.944224858156856861e-01
-1.000000000000000000e+00
-7.400771732167457095e-01
-5.515158757248087573e-01
6.564513732936259061e-01
-7.151336428010512947e-02
-3.399148092641451346e-01
-7.968660732458437979e-01
8.362453455833112059e-01
-3.536107349470116734e-01
7.919642116145311217e-01
2.321389920007388419e-02
-4.976467737807637182e-01
3.863483844873700779e-01
9.160260655824676856e-01
-5.307095455025245823e-01
6.383637427344328596e-01
-5.162406006527060498e-01
8.116321490713094278e-01
-8.712221203395018598e-01
-5.842677469782596722e-01
1.722026059469472514e-01
8.885390946476561247e-01
-1.000000000000000000e+00
-4.133521137528949341e-01
-5.728600975389510630e-01
-1.326234800726122653e-01
-7.094722520698260038e-01
5.084208315754668028e-02
-1.000000000000000000e+00
-4.453649845648079975e-01
5.309740699669293629e-02
3.827424208165612907e-01
3.272526844537397839e-01
-2.802918322067873280e-01
-3.152992296719293042e-01
5.057616424916450137e-01
1.587919674781863855e-02
1.597942120756951079e-02
-8.043983272889370095e-01
-2.278378474666477027e-01
-2.092047675011653451e-01
-6.841713014700945283e-01
6.656645438756392252e-01
-6.656238304024143515e-01
-6.006985699344649099e-01
9.187943717924577092e-01
-7.896904015698935630e-01
-3.871809432129944550e-01
-4.597682530574058735e-01
-1.729731212221001790e-01
4.786773000272805945e-01
3.388178971711717224e-01
-7.581639170506717651e-01
-6.247677971025139554e-01
1.751954732183374219e-01
-6.876761777747149029e-01
5.259445988437091296e-02
5.020669737134797472e-01
-1.452064318911871210e-01
4.989719861040763094e-02
8.234901834190253567e-01
-7.556562618116304808e-01
3.338565068630026111e-01
-4.758552135602145960e-01
8.126071744225475679e-02
5.157551487659840506e-01
7.175356016021894323e-01
-5.304689323577904680e-01
-9.121454641217909831e-01
-4.320862322499565700e-01
9.253573831428657526e-01
6.105563811351555348e-01
9.083725253447731962e-01
1.211380736546993631e-01
8.966006405035689131e-01
3.771788195831736190e-01
7.964433081805810666e-02
-1.200362946181961210e-01
-1.933186931181691270e-01
7.365120356997634232e-01
-3.160911758696824392e-02
-1.637336900261914252e-01
-1.505883522777819727e-01
5.471447016326243945e-02
8.231555826004612886e-01
-3.476923766082749001e-01
6.877197888834498674e-01
2.708532540001500344e-01
1.000000000000000000e+00
-6.102607979632270752e-01
4.352222403745075185e-01
3.056785186156590339e-01
-4.774118950214905066e-01
3.298201921748913912e-01
6.775063509283777430e-01
2.174990486807806545e-01
-4.291656902506705840e-01
8.512496028637490664e-01
4.999121268440778754e-01
9.837110315598927013e-01
-2.321173694729174175e-01
1.344300278875665555e-01
-7.371397792906073665e-01
1.226782335924003764e-02
7.282892743093967169e-01
-2.276715226328872022e-01
6.698046171921319125e-01
-7.437321580749046701e-01
7.962291870859317111e-01
1.157739509631250663e-01
-1.729077659701072911e-01
8.443852484879950104e-01
8.079462663224573626e-01
-1.007645588591581931e-01
8.187449157807834554e-01
7.896528889341092317e-02
-9.133608890126116986e-01
5.036374238945795501e-01
-9.720357729964027582e-01
-7.262747556986425268e-01
9.161999468852488615e-01
-1.000000000000000000e+00
-6.534700198788629955e-01
-1.960346062006856349e-01
-8.070896797023406899e-01
-1.226724668774378246e-01
