7.430905484368663938e-01
-1.080289015692021959e-01
-9.091184504693619051e-01
-6.871832643042952160e-01
-5.458990000901855488e-01
2.970122601062905598e-01
-7.365875277143230093e-01
9.942300058777053806e-02
6.051976030539538698e-01
-4.245707200236503720e-01
-5.026940793017957709e-01
4.818760005968725224e-01
-5.036880770944334174e-01
-4.351488114126060847e-01
3.048959392824115433e-01
-4.113572127003310985e-01
-8.138721190152256035e-01
-6.296116307606736129e-03
-2.125864871874028061e-01
1.273564288151323165e-01
-1.958266130718593345e-01
-2.136621049910745196e-01
-2.624093473585498160e-02
9.702825533869297026e-02
9.856445011313093030e-01
2.343731795295800335e-01
1.996704116788523553e-01
-6.742593373348029218e-01
-6.022236386826707033e-01
4.325602898276985631e-01
3.459745935039859610e-02
-7.610565506133593061e-03
3.914621730817839929e-01
-1.317198093476301679e-01
4.852450407752491035e-01
-1.634756498204172903e-01
-9.898859659318828275e-01
-7.976431618697203962e-01
8.018986122896023527e-01
-6.954348719424687797e-01
8.734206573452096833e-02
-8.744920929523205544e-01
8.368320035240084387e-01
1.740828081322927101e-01
8.563644033118080756e-01
-8.323962734316439072e-01
4.433389658584325765e-01
-1.249031407964500406e-01
2.496829627066674551e-01
-8.321819132151977438e-01
1.033594762514662424e-01
8.050705267078550609e-01
4.324202044444382942e-01
-2.365737849059745823e-01
5.189531649973804228e-01
9.124822055979828761e-01
9.089814474104405129e-01
1.243419900502475972e-01
7.655052164114335422e-01
-2.030630412956768716e-01
-3.595463930177544842e-01
1.045267112619141514e-02
1.862360279031236576e-01
9.326085938320403113e-01
-9.926751279680219309e-01
-2.766450036436773896e-01
8.177187092273063840e-01
-7.346851636409250652e-01
5.262488169294985418e-01
7.697003814604033156e-01
-1.669184208915579504e-01
9.596835212907619539e-01
-3.197124421006296568e-01
4.513547248079081697e-01
6.841666614955399517e-01
-8.963355339311880332e-01
6.327448918502263098e-01
6.586900986856831786e-01
9.180314919060557077e-01
-8.584303061503146814e-01
-8.844477515785340582e-01
5.677508213123767522e-01
7.682845045088824154e-01
-7.598692370279140906e-01
-3.815123647555194175e-01
-3.227243000593307265e-01
8.044166775021155402e-02
-2.013677964345099713e-01
-7.409485619250442134e-01
9.685941971091767133e-01
-8.858627696528882378e-01
9.535756748198842558e-02
-1.169434546167911204e-01
2.608212816990065352e-01
-7.029629847909646401e-01
7.729947588349861398e-02
3.144820068380460576e-01
1.608822076363689568e-01
2.030772201133244081e-01
-7.034663866284678324e-01
-9.714276574665492436e-01
1.292331686709782268e-01
-5.931728098942623539e-01
8.753468798802328532e-01
7.345467628940565152e-01
4.334819101148685849e-01
-3.876503607939889573e-01
5.414535902747461549e-01
-6.347932635526825074e-01
-4.660224375949879594e-01
-3.792364441372606532e-01
6.760582327152477866e-01
-5.360506048022877224e-01
7.471851393732908964e-01
2.362978914888969051e-01
-5.881879295296223997e-01
8.278841124329805456e-01
-3.225276680770383653e-01
1.661060179659821223e-01
-1.694492357414765227e-01
9.579136379435975179e-01
-3.645274536506160068e-01
-1.612491588932516429e-01
6.292242949133168839e-01
-8.868974428252667241e-01
-3.070508859555960424e-01
3.361488220669279769e-01
1.732474080329238220e-01
3.501318650090734508e-03
8.900679664582586970e-01
2.991553575921876984e-01
-5.316662175443582772e-01
-7.093583196522486034e-01
-1.350500450138818476e-01
-7.802447596111021788e-01
-3.198066348853556562e-03
-3.387286248708036851e-01
2.364515232154145163e-01
-6.469272606629352662e-01
3.983344336588152679e-01
6.266996730979810248e-01
3.369115712111572236e-01
8.417565216066014155e-01
7.729754675973576905e-01
9.825880052838864565e-02
1.142851312431170108e-01
2.625091172411391227e-01
6.350830275431698091e-01
2.442649507923095875e-01
-6.542624261996172752e-01
-9.175165877397828407e-01
8.665956325558994422e-01
1.197789741909596195e-01
-5.170135062264955561e-01
-8.101129887405753571e-01
-5.935225371119674520e-01
-8.759132102123983188e-01
4.378689676173808110e-02
4.661344923438519583e-01
-3.590686333009240894e-01
-2.045774459140183854e-01
-2.574219961975348081e-01
2.101083052394496775e-01
-8.922142933576466817e-01
4.294855740685574741e-01
-3.550471162008974613e-01
-9.077952803596267550e-01
1.155413644732747880e-01
5.904914647813801487e-01
-8.713595490148893230e-01
-4.016385432646103482e-01
-7.235506920147534160e-01
-4.677142016372377586e-01
-3.588360993422712308e-01
6.456993329405307236e-01
-2.050895777034753564e-01
-8.042141395908515289e-01
1.917668412908033471e-01
-6.373511048988924621e-01
-5.171366775812840100e-01
4.936069556621163201e-01
-3.523274459506959833e-01
-6.626851103589581626e-01
4.730535774519293302e-01
4.586332397404495609e-01
3.656834791211331925e-01
5.763472300834548978e-01
-4.190411676260554774e-01
-1.734319598199336454e-01
7.508311037837711588e-01
-7.518319595429276969e-01
-4.220274420934939652e-01
5.856328755924338214e-01
8.115112284312975266e-01
2.445373459637825153e-01
-1.151921283078864988e-01
-2.208566624688805824e-01
-9.333824101604462076e-01
6.374879866283080787e-01
3.149449053995907466e-01
1.467658323341238802e-01
4.200509106043153196e-01
7.242468626405320631e-01
6.888714962169981693e-01
-8.050206957329542057e-01
7.495273076513442323e-01
-9.732452112004477129e-01
-7.051088332540822456e-01
-9.475904836086053162e-01
-6.863693324504891446e-01
4.366816383426737058e-01
-6.220463792657362490e-01
-8.585219866560644952e-02
1.796667172658095168e-01
1.599888719516087132e-01
7.503617015329722140e-01
8.487206886845548581e-01
7.616511654476567639e-01
3.030713625753105323e-01
7.928911960988005436e-01
-3.666538486246426753e-01
-9.365059113783626987e-01
1.455427684943129130e-01
-8.642525363161948082e-01
7.797396226677826281e-01
-3.852890794710872591e-01
8.843747479645813758e-01
7.028799827269631706e-01
3.377867131187877181e-01
-2.687517644440606812e-01
-8.815833717803633895e-01
-4.932136712382415578e-01
9.857165720947660414e-01
-4.165078972624436382e-01
8.617913698064123551e-01
-1.691371501014089507e-01
9.055353683478306603e-01
-2.446242892742962471e-01
8.678309189369783905e-01
-5.174875517511292600e-01
-7.356751879052538801e-01
9.351203676221686578e-01
-7.639503040172666015e-01
1.841663536301076931e-01
8.751320926099037667e-01
6.065347114654535687e-01
4.980584045365250567e-01
6.617893310397637840e-02
-7.089370573380169294e-01
-9.963158234518947332e-01
5.571368991633081080e-01
-4.676460310301442380e-01
-3.915295523348838458e-02
4.499661238820218401e-01
-1.131843317727210252e-01
2.522299628471031951e-01
-1.898615164474624084e-01
-2.341598191106575300e-01
6.374283466260013409e-01
5.253500287941614832e-01
-9.716625493150141679e-01
8.443855846744265925e-01
1.750439478971681506e-01
9.931757243947565428e-01
-1.229983047786182837e-01
