3.987009357137254462e-01
-6.558030080280112806e-01
5.024013915359202276e-01
7.929443698790339390e-02
4.744825902629197234e-01
7.737605346698452902e-01
-1.900291616929982719e-01
7.789524816978858901e-01
-5.458217400279163911e-02
-1.272271606698116564e-02
2.535128434090380134e-01
-7.193029376297133126e-01
-9.641833324991202492e-01
1.861929821531526363e-01
-4.921771488136734707e-01
-1.635140154299454807e-01
-4.136940539003489681e-01
-4.452150726735641939e-01
4.295503957818704033e-02
2.693234973316487313e-01
8.832715976167682115e-02
6.884217765730538119e-02
-6.107942281208582624e-01
-6.255538861381626514e-01
-5.258681971315103398e-01
1.000000000000000000e+00
-8.442394661613090712e-01
7.652897626359034255e-02
2.201628466110505666e-01
-1.449422920111071988e-01
9.550611472351511200e-01
1.248480703466288144e-01
-9.097692242448118805e-02
3.304431658654838344e-02
4.265945824725070334e-01
-8.052589510874808010e-01
1.465852825055142805e-01
2.649565722348166119e-01
-2.206066459781142464e-01
-9.639642156672256768e-01
-9.221006222250891504e-01
9.061242581350390513e-01
6.346396115429135953e-01
-3.440248989128462109e-01
-1.000000000000000000e+00
4.539695176303237822e-01
5.377604099260774317e-01
3.207288754012453946e-01
1.000000000000000000e+00
-1.132134063894987275e-01
1.749275790302888822e-01
-2.202015674825164027e-02
-1.041705298690247944e-01
5.315886094096173853e-01
-7.847015970505122340e-01
6.512818019859403229e-01
-2.892423960823601869e-01
-1.526526943636492550e-01
-9.805076701004691309e-01
9.557729168350335147e-01
-6.110265653718961465e-01
-4.898645400366672953e-01
-8.642679430440224353e-01
-4.857676452962105262e-01
-1.000000000000000000e+00
1.939155312594562086e-02
8.089003773120715390e-01
-9.439976422498426167e-01
4.825846968103371382e-02
-6.963499664918826326e-03
1.730470079226373858e-01
6.372782646245130911e-01
4.821197826369325590e-01
-4.437209734410350048e-01
-6.769665177003799661e-01
-1.000000000000000000e+00
9.541571725647041147e-03
-9.245510201749360668e-01
-7.885281807960352607e-01
4.691215819609528825e-01
-2.702339955108308267e-01
-9.057807066316210243e-01
4.014838275797449896e-01
-6.583915986107353735e-01
-9.177763890319695639e-01
8.286298429524974196e-01
8.844070964189887363e-02
4.497720077763400770e-01
3.270213778086024092e-01
-5.724852060338374571e-01
-6.235181157171281185e-01
-1.184545472966589408e-01
8.386103180746606878e-01
7.764175686370866636e-02
6.177138138413245105e-01
-5.993291308544235196e-01
-2.407583601956364561e-01
-6.857270309505725248e-01
-7.165389931434065218e-01
-3.720809190685808732e-01
-1.337066253419898487e-01
-8.454755662494153334e-01
-4.742965437141897223e-01
2.333251530792388451e-01
-1.156576580931771847e-01
-2.161359602704497895e-01
1.000000000000000000e+00
3.485166845089158749e-01
-4.938095077647227660e-01
3.902673086473447128e-01
-8.869043265815963473e-01
-4.722862292255218808e-01
7.240319709548888039e-01
4.656447320202280471e-01
-5.712444347611018713e-01
1.166626085515243272e-01
-2.414916953851977688e-01
9.513789470932465520e-02
-4.783283574309502573e-01
1.000000000000000000e+00
1.373477159628976596e-01
-5.102703108295352230e-01
1.783861960042543715e-01
-7.689305091066925280e-02
6.743848609740010769e-01
-2.498271377434126972e-01
-5.557514599008568368e-01
8.264543150027841012e-01
9.093082420219926743e-01
3.139188373317050029e-01
-9.360721482809937211e-01
-2.439720215309507945e-01
9.349627947050602739e-01
-6.964567062631283889e-01
-2.509321304358153593e-01
-3.712735503446273899e-01
1.005548220495073863e-01
-8.186621072712987335e-01
-2.039610315443654009e-01
3.455867866921722431e-01
4.210909817555374968e-02
3.809443319040339837e-01
7.642730877378867138e-01
-6.971625768051485927e-01
-6.375495968157551818e-01
-1.594786267002712421e-02
-9.112315713011680529e-01
-1.000000000000000000e+00
9.917214486976275722e-01
-9.353739384058898931e-01
9.572537543768717683e-01
4.144268422973131916e-01
-2.829122865526672026e-01
6.176179874542828130e-02
-7.379364964701651264e-01
-7.916378745733653188e-01
-8.826102285216010923e-01
1.700016970995387178e-01
8.020887843651660631e-01
-1.308535605168803517e-03
2.439930868079738246e-01
-1.421683571815492986e-01
-9.196286290669970498e-01
-3.757518378729574060e-02
-9.552908721225259470e-01
7.636693118828126181e-01
-3.650138030127205724e-01
5.723272345376604342e-01
7.674624176779532014e-02
-4.660532306867404273e-02
-4.433327479188433617e-01
-8.337424168798381885e-01
-9.798868406008944820e-01
-6.824754768877621114e-01
9.917304025510276233e-01
-1.244071469247464978e-01
-2.412788170873996774e-01
2.891167433258452490e-01
-1.117190889862120645e-01
-6.565454365981516771e-01
-3.313607814613898084e-01
4.523690124508940313e-02
-8.777472570087772041e-01
-1.000000000000000000e+00
2.912508630035268720e-01
8.079004337580442119e-02
-4.838439785860286502e-02
6.529612457664084602e-01
7.489443481729622931e-01
-9.149801039683969073e-01
-9.664337915220533315e-01
1.853641218162953852e-01
1.160849641624994710e-01
-2.820144580818253477e-01
-9.557388712842534995e-03
-5.143559621527723502e-01
-7.250826679006872055e-01
-3.754297105694912595e-01
-1.000000000000000000e+00
-1.144811813161041025e-01
4.135585785971026551e-01
6.874681776615501061e-01
5.846170354955007031e-01
5.154170301087926953e-01
-8.908063398803542920e-01
-3.975898849556886994e-01
8.803106918496232947e-01
6.757385119186043454e-02
1.738755331167474161e-01
2.939994453610133007e-01
-2.485125243424917141e-01
1.745572143466309067e-02
2.954694809186229620e-01
6.407731038501416343e-01
-3.898138588304085883e-01
1.957053795784959860e-01
-1.479041947033410409e-02
-1.305265863178630414e-01
4.835917492573089116e-01
3.368099332482381580e-01
4.290424582424559041e-01
6.504923111954536985e-01
-8.254858302772681844e-01
3.340592145619284414e-01
7.173205666079551790e-01
-2.763822924277821169e-01
9.134348677724637433e-01
-9.811529430407065488e-01
5.836303502698829693e-01
5.476128710349392748e-01
7.908164629098537457e-01
1.461100969819191242e-01
4.968734760017150531e-01
-1.890830183155104705e-01
-1.335532357546768967e-01
4.638680763382005967e-01
8.141834745438891741e-01
9.834050278737449524e-01
-1.782102206341405204e-01
-1.164467916107041479e-01
3.290004493662069818e-01
-8.513016243546116524e-01
-9.413251309455650251e-01
5.962073829401925984e-02
3.772429928657465847e-01
-9.496237540402437949e-01
1.000000000000000000e+00
9.329146188713087762e-01
1.000000000000000000e+00
8.064180337172195401e-01
-4.866510987922576525e-01
-5.198130231980824245e-01
-4.420965783609176469e-02
-3.762184295018002889e-01
-4.691895069925755557e-02
3.783796963189627327e-01
-2.808454059834140093e-01
-3.249381333118874782e-01
-3.699506324970358584e-02
7.399910373242477579e-01
-1.000000000000000000e+00
-6.077830324379966953e-01
4.095750397751058980e-01
-9.048124742526275632e-01
5.866877491392856747e-01
