-8.056923135762058541e-01
-1.476107934120580722e-01
9.216374297566841678e-01
8.924633485150295087e-01
-3.392366699182819967e-01
5.931516794915194790e-01
1.044814777105425030e-01
5.055586187844316459e-01
-3.677192369593641486e-01
1.233948365970423400e-01
-1.000000000000000000e+00
-1.161279886948545781e-01
7.752937927993226452e-01
-9.334916559721258000e-01
-7.667365295725899754e-01
-8.585672425947101782e-01
2.937654018695672331e-01
4.372579014305459921e-01
-8.905233094580703446e-01
7.194960655327660159e-01
-4.071747932759619548e-01
-9.155540399920403249e-01
-5.141734677628104766e-01
-6.183755263558770032e-01
-9.097136432613273094e-01
1.628656909355416238e-01
4.502229780213967136e-01
-6.064423178633349121e-01
-9.266461180462910452e-01
-2.432725328840401602e-02
5.719890794437590964e-01
-9.613713681253956977e-01
-1.931250404255993036e-01
8.818708456301426191e-01
-2.341035606684251924e-01
-1.908633342818228870e-02
-1.887363756971299489e-01
-8.715981663986778205e-01
2.881200946918589523e-01
1.913628522469087989e-02
2.806621747577652259e-01
1.991607914957659597e-01
-9.613069987303486386e-01
6.945540469337405654e-01
5.626265333864606255e-01
1.896407020182701020e-01
-2.407112941571873388e-01
-7.450952436383666555e-01
7.281776206867112133e-01
-7.135961134706039211e-01
-7.889516683321209367e-01
1.025573553614304301e-01
-8.295943332842403706e-02
-4.231256640364486898e-01
3.456352919498179577e-01
-1.000000000000000000e+00
5.272504421699483190e-01
6.056523910058395632e-01
6.447406896995604431e-01
-1.723122306388584768e-01
-1.241792151222376184e-02
8.365065673036995442e-01
-1.881892983741801084e-01
-2.189475896270368094e-01
-6.310083120560430192e-01
-6.606151913998035141e-01
-5.364592467508442208e-01
8.921975070737837576e-01
1.901876964125929215e-01
4.343439703916387451e-01
6.365174184541151359e-01
-2.696718189578727332e-01
8.152830741144182491e-01
-6.832822401909657284e-01
-7.743553179265736386e-01
3.846145506019278404e-01
-5.731234005010538146e-01
2.216704470903967383e-01
-2.899197560045307931e-02
9.607083494984068883e-01
8.842682844875447978e-01
1.094032637069473624e-01
-4.244904484037768100e-01
8.018930209815650079e-02
-1.000000000000000000e+00
3.555421694018842671e-01
7.971467712324868948e-01
8.867332593416763498e-01
-4.227163724683417889e-02
8.533178490218008561e-01
-7.107020799014421852e-01
6.697261758262427200e-01
-5.576189088328176169e-01
4.889231134188534167e-01
-5.793134240012691727e-01
-9.111026064268509805e-02
5.569364358677439952e-01
-1.860176624795174538e-01
-9.520685596948788021e-01
-9.109012992151428456e-01
6.482478476146951163e-01
-8.151667618142455218e-02
6.740783635574731925e-01
-7.406726428994944156e-01
4.754656872803585399e-01
9.564155482133117614e-01
-9.393234908476693068e-01
7.036670374742605150e-01
-1.367774260207137993e-01
-5.753972969148518635e-02
6.465423583339672264e-01
2.146033099807225231e-01
-1.225408711415486851e-01
1.482980142788015154e-01
2.480830716266635427e-02
9.525297308576925470e-01
-1.000000000000000000e+00
-5.282125680508541476e-01
2.886388220032738428e-01
-2.468888106144963568e-01
-2.815151939109625245e-01
5.311750550122027459e-01
-9.614546058122619421e-01
1.753054417755215977e-01
-6.219875865221539124e-01
-5.040379500377100142e-01
3.734898927127829893e-01
-2.115802554304966332e-01
7.789243682520037293e-01
-7.268785835672303408e-02
6.382621277777266178e-01
8.203745866603355807e-01
3.993207568434551380e-01
-8.883756719000606150e-01
2.140848794684412360e-01
6.594918156241391660e-01
1.371391095477947353e-02
-4.967817297251351238e-01
-7.676565341075567428e-01
2.477774104404333322e-01
-5.149793942060764129e-01
2.787770633421231548e-01
4.175485724860805714e-01
-9.594639906942385998e-01
-6.874002335935158747e-02
-4.033166197727009461e-01
8.303763313166279136e-01
-9.292554810222553030e-01
-9.312210627416110942e-01
6.717864840341396526e-01
5.040863141304208206e-01
9.934515666292520475e-01
-5.734680546458776895e-01
5.395630661947209417e-01
4.462092436794414807e-01
7.561286867518424160e-02
-3.264271294945864099e-01
5.642339882806873819e-01
-4.753648380918540362e-01
2.610607914407532260e-01
-4.301199837485254474e-01
-9.710999354968419262e-01
6.399966607496008208e-01
-1.000000000000000000e+00
9.378763154186364748e-01
-1.673823623614190959e-01
-7.107431072586619658e-01
2.003783465420058696e-01
-8.692345094565107066e-01
-1.000000000000000000e+00
-1.708494515793519408e-01
-7.128303029260198986e-01
-7.823631218732014503e-01
-6.355479337198648437e-01
5.810795609651900895e-01
4.964777496185303618e-01
-8.781114791185655744e-01
-1.792333826945871900e-01
3.549362774489784322e-01
2.002034546498292766e-01
-3.174653099743660611e-01
-7.124904247153879266e-01
-1.289802114598589400e-01
5.293380536527607649e-01
-1.312695126549104085e-01
2.653217870807977885e-01
2.496435027801794104e-01
1.000000000000000000e+00
-3.432948073910187525e-01
7.236719406934705168e-01
-1.711119959632950438e-01
-1.485997851266074310e-01
-7.057749303245594574e-02
-1.000000000000000000e+00
5.650485473914480528e-01
3.322052773097390332e-01
-3.020829139252911855e-01
5.310167976037308835e-01
1.547066984288526792e-01
1.000000000000000000e+00
-6.065827234278946545e-01
9.349852101770398383e-01
-1.733928303229526624e-01
-4.903493210140138503e-01
-1.363405372571081520e-01
3.368825296176143347e-01
-2.604154792674617802e-01
-1.807289972204277895e-01
-3.275179533850312019e-01
-3.133759759998153704e-01
2.464073700179950921e-01
8.211019582269649675e-01
-1.000000000000000000e+00
4.114791108911954876e-01
1.000000000000000000e+00
8.723885709395826638e-01
-4.859777207419662126e-01
-1.000000000000000000e+00
-5.687126803417015264e-01
-3.376994605068797117e-01
-9.524465300795481593e-01
-4.516931058321851378e-01
6.407840844666857771e-01
1.404432743696264474e-01
-5.482504220473697343e-01
1.327648324747711939e-01
-7.666633371284869991e-01
8.616794870846814502e-01
-7.161420389056463165e-01
6.611379901114045055e-03
-2.743587456497355581e-01
-8.023622940363297484e-01
6.891543944697002821e-01
9.942208464714563654e-01
5.196482779369792082e-01
-8.637555733158832627e-01
-8.109499704729993264e-01
9.206317478404155707e-01
-7.226727119609339667e-01
-2.639808870593384205e-01
4.389892139523787762e-02
3.337264947474135046e-01
9.468682148381738495e-01
9.985815521465631062e-02
2.532521574944447407e-01
-9.122068510978849354e-02
-8.522555201641699441e-01
4.046833982216112569e-01
-1.850782172443596330e-01
9.345002695442408136e-01
-4.967475487722217142e-01
-4.382752970101841394e-01
8.777165145129679491e-01
8.334383606581616810e-01
3.323885539608308903e-01
-4.679546127832522329e-01
3.668314474381984547e-01
-8.219023958487531312e-03
-8.288637975099444333e-02
-2.235743989809274856e-01
-6.649885650664055792e-02
2.736692080732059384e-01
-1.696981935494408511e-01
5.860018044878375632e-01
2.750789481233195666e-01
