-1.680107723705914768e-01
2.175529761834665565e-01
-3.293564337790011454e-01
3.333399386712052603e-01
9.380109177021274114e-01
-3.332275700943150287e-01
7.585464917760867953e-01
-6.311197551464305944e-01
-7.714670125915110699e-01
-2.204882526585497104e-01
-1.519991483016052136e-01
5.277144683937644576e-01
7.957366781272364742e-01
-2.671523314390733539e-01
4.704330578997319989e-01
-9.875362676867464051e-01
-9.157734803451451633e-01
-8.520933416804321592e-01
-7.216916405234158338e-01
-1.996243137047407634e-01
4.341984202160921180e-01
5.671746275368509949e-01
-4.588860796710250156e-01
7.283376336820841512e-01
5.577269115422091028e-01
-4.641440116634152346e-01
3.304848860045208614e-01
7.999875618244629560e-01
-5.624556015740762582e-01
2.575908852333581023e-01
-2.225985091747875178e-01
-7.334955298573144766e-01
-4.406942901874390250e-02
2.180746042297082576e-02
5.043116074814915084e-01
-2.329897580121853551e-02
3.699311708176743485e-01
1.139406912824160317e-01
-6.845082536873134949e-01
-8.285105641795423304e-02
-8.447070344702070077e-01
-9.382935653104174101e-01
-5.194083688238281260e-01
2.603024786349971698e-01
6.264863939733054110e-01
8.264163834195971114e-01
-7.990877880957700796e-01
9.634613665817046702e-01
6.645053253662540627e-01
4.110501551552792066e-03
5.012502538402954233e-01
6.955257233489493540e-01
1.000000000000000000e+00
3.712994596775954781e-01
-7.444029134675580472e-01
1.199854231244592562e-01
2.607242540724483693e-01
7.058524302777637871e-01
-8.044731782571674650e-01
9.290061036290471197e-01
6.083525885670406641e-01
-8.460820834911944033e-01
-3.021347094207489370e-01
-1.627551829366589986e-01
1.808773966919001719e-01
3.426603213727026920e-01
-4.737537699334632979e-01
-2.363914243951446004e-01
4.724542022231026372e-02
-4.819836056258421930e-01
-2.556598492279741341e-01
3.137178554227673111e-01
2.890301866589830571e-01
7.451355217147787036e-01
-2.927703878305693563e-01
2.221228651740258797e-01
-6.426091447625197350e-01
-5.877382969149961278e-01
9.227904638832189477e-01
6.178044529668278440e-01
6.577455067115724197e-02
-8.052742040302935944e-01
6.127834478212177416e-01
-7.485251866254967190e-01
5.970132522703082145e-01
9.920931924649208922e-01
-2.338259303216930207e-01
-9.144322054246397657e-01
-8.537963043701906063e-01
6.983062105727706470e-01
-3.842463226069253723e-01
-8.589465877159107032e-01
7.522881318032224041e-01
7.619531225314313261e-01
-7.204612323677912489e-01
-1.334467062709749907e-01
-2.489415275319326049e-01
5.606395526315697264e-01
-2.076920396425144255e-02
-2.553568984367076133e-01
9.362165866857914409e-01
-2.588494885070150020e-01
2.214090826748341401e-01
-3.647942344701168293e-01
1.230227670392712302e-01
4.741015651449959067e-01
6.728958494638582755e-01
-5.815969244062610954e-01
-4.809196058450453393e-01
3.175374096153122938e-01
-8.138720684574284325e-01
-4.939358930653647839e-01
4.522674211159826152e-01
-1.825982778344906743e-01
1.942045820403677792e-01
-5.117390271810271507e-01
2.011317713172659505e-01
-4.722289784161284865e-01
1.224445309979891594e-01
-8.866486585264589104e-01
4.511646308674976957e-02
-1.000000000000000000e+00
6.440087509408467525e-01
9.589916839988796848e-01
5.984505938542952208e-01
-6.425533780467489464e-01
-6.105004471239321440e-01
-2.012381442218112992e-01
3.831769045880848434e-01
7.009522693052899767e-01
-2.390341757633793196e-02
-2.667826015604758960e-01
1.000000000000000000e+00
5.140507490062106166e-01
-8.863912574282568624e-01
-1.794725727023853690e-01
-2.301817741450732369e-01
6.298667996058709972e-01
-1.125653258674028101e-02
-1.196426561356789264e-01
1.000000000000000000e+00
1.000000000000000000e+00
6.788745908355626746e-01
-3.750764185723486355e-01
8.757102545481527667e-01
5.197635107723923564e-01
1.239226470423453463e-01
-6.803739972332085717e-01
-9.731906321717656017e-01
3.551484206299559965e-01
-9.320572504929212077e-01
-4.107057139771153609e-01
8.028996821049252386e-01
-2.567802330978079528e-01
-6.672237228315720525e-01
5.572023903625268615e-02
-1.974286778828804323e-01
-8.632263155820336653e-01
7.342218338456610871e-01
9.886598687619181369e-01
5.156844275442612480e-01
-2.464716663334129976e-01
-1.000000000000000000e+00
5.711730378397894548e-01
9.577687687861364818e-01
-1.683731146026033743e-01
-9.635766726012793271e-01
-6.554788172169980776e-01
-1.693749898060246117e-01
-1.000000000000000000e+00
-3.050029817561205059e-01
5.692812032376604048e-01
1.000000000000000000e+00
1.519915101234288191e-01
-9.087152031570691069e-01
1.000000000000000000e+00
8.340030331068180036e-01
3.475881050740032840e-01
8.799817432112793103e-01
2.919988296356500479e-01
4.093803233648478646e-01
6.679869427315487940e-01
3.716394582020785542e-01
1.000000000000000000e+00
-9.557283784194178233e-01
6.330517690217125626e-01
4.976968426053516303e-01
-7.215320698151604928e-01
2.548087372718992327e-01
5.787598647193945567e-01
1.000000000000000000e+00
-4.029195718446967889e-01
5.738473828347043781e-01
2.564142126656867582e-01
-5.310089873060277466e-01
1.341166061114464902e-01
4.268645567098385829e-01
1.593084233864038857e-01
-8.680453377404448445e-02
9.323444150851297740e-01
-1.000000000000000000e+00
-4.490749736271131276e-01
5.007778367195174773e-01
2.855034495364603409e-01
-1.000000000000000000e+00
6.154387319704310855e-01
9.336333655270243614e-01
-7.676062327127358698e-01
6.277804525092705035e-01
2.739067750984514049e-02
-6.566019965972220707e-01
7.522352515669922246e-01
-2.841622614329251117e-01
8.134858364561110555e-01
1.960313726032409387e-01
6.770318319794019768e-01
-2.504792386782814795e-01
1.667400439724333605e-01
-9.992482125383665981e-01
3.462857013540144302e-01
8.176804611607835227e-01
-9.888677685937461437e-01
-1.000000000000000000e+00
2.641546132677958236e-01
1.000000000000000000e+00
-8.554302803815571066e-01
-8.917265405840965053e-01
-6.008282811860781170e-01
-5.779532171265239215e-01
9.207199159187975379e-01
4.862661022093826002e-01
7.558193352616994209e-01
2.671801886333722287e-01
1.786763026055189219e-01
1.000000000000000000e+00
4.289660681206441950e-01
1.825526139108339940e-01
2.590395166780857794e-01
1.715706732281951918e-01
-3.118805216127964464e-01
-5.156659280941079393e-01
-4.277196947577941999e-01
2.458207713866636113e-01
3.921857110524065160e-01
1.000000000000000000e+00
9.014218641854666592e-01
1.373345769680649475e-01
4.189489189110642275e-01
4.523427480652018606e-01
2.992500193645121209e-01
3.371745777866854699e-01
6.234093363756901818e-01
-6.956665234722817504e-01
-7.012823008653239487e-01
-9.746359158344362061e-01
-1.191432134452801161e-01
2.311311088320648910e-01
8.711197704600073255e-01
3.173486265371980308e-01
8.504318591318009712e-01
-1.944797806054581191e-01
3.527308624993923392e-01
4.121409682768550908e-01
5.695634934003376282e-01
7.665732615921223569e-01
