4.935846777300850752e-02
1.794348925934308170e-01
3.721125951362504458e-01
-6.624121632871698973e-02
-1.000000000000000000e+00
7.335771498686315395e-01
-1.000000000000000000e+00
-4.113801166251573882e-01
1.326801968339617541e-02
-2.121141947002617711e-01
8.729796480241817092e-01
3.307373251976731821e-01
-5.422585325152722291e-01
-5.832695281593684999e-01
9.152386460188470796e-01
-6.069802056391684353e-01
-7.564286616635491622e-01
1.177290499748617769e-02
8.985471966144658040e-01
4.689748142275753651e-01
5.490141656360967293e-01
-5.636250330271586062e-01
-1.000000000000000000e+00
8.933330707172608687e-01
-6.679898757712778856e-01
9.318616192180455560e-01
4.235288690980487658e-01
7.488358269766555164e-01
-4.879475190014881392e-02
7.069756887855577210e-01
8.977578530373190313e-01
3.435013756204832180e-01
-1.049824323206682841e-01
7.414666924102037981e-01
1.105258900675214484e-01
-8.123808442102824490e-01
1.000000000000000000e+00
-2.417606449848855033e-01
-2.357642489901513594e-01
4.206243433013874267e-01
7.058682152542739008e-01
-7.266115875867025231e-01
2.508838130287138757e-01
3.148211870969606085e-01
9.816875267054289145e-01
-3.908305631692404747e-02
7.192537264780949346e-01
4.811099993818392928e-01
-1.849716946265121398e-01
-9.996699328435585397e-01
4.225904851340904766e-01
5.073908035823242457e-01
7.544303176140843004e-01
-6.882138412052123400e-01
-9.598241191155119090e-01
5.762766668292784722e-02
5.917768308930564380e-01
3.637138903797314526e-01
-5.075615091546679114e-01
2.091357402163591672e-01
-9.517292862438042622e-01
9.807858843761685375e-01
-6.947959634347333768e-01
4.356754014276062459e-01
-8.852026867188160786e-01
-2.281198828655306432e-01
4.124233086975691576e-01
-4.988722319930696814e-01
-6.040476032163555331e-01
-2.454128642139960514e-01
8.243233556110887150e-01
-6.727718330571403893e-01
-1.016857017679362318e-01
-1.000000000000000000e+00
-2.928737311070552796e-01
8.795249168705472353e-01
-2.848263286391323756e-01
8.957290798923356334e-02
-2.616362523196940071e-01
1.316850233475442555e-01
-3.863217922229278400e-02
-4.330393426037342230e-01
-1.611131341124005800e-01
5.097697181626159590e-02
8.499526042287512961e-01
-7.845131226870194485e-01
-2.680833980125192362e-01
-3.481680079034586706e-02
-6.639384203229841130e-01
4.373674015984654329e-01
-6.403107013252274937e-01
-5.029009983657091176e-01
-2.638757805549718505e-02
4.255842457182084093e-01
-5.459472586716529463e-02
-8.463194144411625430e-01
8.031288547199496586e-01
-6.847945380792330727e-01
-4.649749845545803062e-01
1.131248524071540307e-01
-3.780582861116358329e-01
1.621835211723652304e-01
5.636483148055001502e-01
3.651262500656782262e-01
-3.050051597634166889e-01
7.240766510744238715e-01
9.761105288757385701e-01
-6.875463618089603379e-01
7.826664423507936341e-01
-5.535924322840923839e-01
8.510856847152896698e-01
-4.562826499661636337e-01
-5.078440040396590138e-01
-5.177808119908133833e-01
3.829296063360369540e-01
-5.401822745773228185e-01
-1.772112377145835804e-01
-1.947855470729633609e-01
9.718063632688456188e-02
3.679419549490774433e-01
4.758659433929838811e-01
-7.407385408966116191e-01
-8.327517342040817727e-01
2.810296698093668333e-01
6.539801617767377895e-01
-8.446843970941440016e-01
-5.819393777536157053e-01
-9.140120397364568383e-01
-2.677592581544930850e-01
3.703269219697381542e-01
-1.324176423461051466e-01
1.783714260775436655e-01
-1.000000000000000000e+00
7.577162107719097595e-01
-2.699548544827681251e-01
-8.944618425386909877e-01
6.586297460183154762e-01
-1.852593798672514391e-01
-7.320258136393762438e-01
7.664757399486317180e-01
5.819738422228906138e-01
-4.396336536467126965e-01
-7.468690536147626347e-02
-7.838931906605495215e-02
9.384630316210058609e-01
-2.170756510943643303e-01
9.207842905805367906e-01
-8.604105179421006611e-02
-1.591723655621077038e-01
-8.611650176782514876e-02
-4.022674394236163131e-01
6.300898932937279984e-01
5.593448112265214656e-01
1.554057603372520635e-01
5.342799746211079892e-01
8.545849077822660345e-01
-2.325882590445605136e-01
-5.493414513093111129e-01
2.515777533112183995e-01
9.470206191010075436e-01
9.215652869265069658e-01
-3.907307105044559581e-01
-4.730613426128147392e-01
-7.746308333664071455e-01
-3.975702616620091501e-01
-8.298075117809839973e-01
2.078426595440576452e-01
2.757058153975475712e-01
1.862973392057987176e-01
-1.330118493174392291e-01
-7.585011719526673080e-01
-1.718950565036762856e-02
7.878339341021766140e-01
1.826967845476534791e-02
8.389199984056985304e-01
-6.638856901087080153e-01
-4.293374872570838163e-01
-9.677640912275609075e-01
-3.707598842096793135e-02
-3.443416600939213090e-01
2.572924265654323861e-01
7.492047291489066507e-02
7.939445922457883942e-01
1.427991386881519720e-01
-9.339382647099230272e-01
8.529732598169803559e-02
3.714669113415043356e-01
6.580835339874741008e-01
4.466630428501325856e-01
-4.408342005545549114e-01
-7.353256516735648951e-01
-4.468315195241179261e-02
-5.820318744442531944e-01
4.021061247359228319e-01
4.681711236184401548e-01
2.261015745373538000e-01
-3.947765475181869155e-01
-7.618094274064303173e-01
-3.168509060307863612e-01
6.279188661875208244e-02
3.923266058524039757e-01
-3.658664677945777655e-02
7.460029166816919410e-01
7.479407250501366455e-01
1.990545386202808853e-01
-6.445077843053559352e-01
1.620794486509761212e-01
-8.433803772553953859e-01
6.433008070642625142e-01
-7.597809286121155470e-01
-1.375300530528686949e-01
-7.735739706071653732e-01
4.057857250584303577e-01
-5.754329362783012769e-01
2.004535825801328497e-01
-5.148160797326135629e-01
4.358624781618676280e-01
7.239478449153432527e-01
4.764460717206486784e-02
-2.839231090034171068e-01
3.195890490041641829e-01
-6.776168941226488052e-01
1.565308743441420902e-02
5.228414408640420508e-01
-3.746940858772663807e-01
2.282579001005291541e-01
5.797498771741582679e-02
-5.413447182508414057e-01
-1.696239032427862004e-01
5.778978049177954102e-01
2.450237307605686310e-02
-4.089367193310551318e-01
7.393976741330723357e-01
5.713023204525846666e-02
4.765909201894091840e-01
-1.016396736734518150e-02
1.477490914426400348e-01
-1.233052230370454971e-01
3.522685358172572556e-02
-7.838170675369280360e-01
3.519377125872360512e-01
-3.880584525368782067e-01
-1.085783576719416832e-01
-4.088189716820334052e-01
7.541759964580729836e-01
-5.479447288640647562e-01
9.508179885760116301e-01
-7.013836271015811974e-01
6.724658087750021718e-01
8.231121434856603081e-01
7.795977784296530544e-01
1.000000000000000000e+00
2.860992265409325608e-01
-7.013133325188061207e-01
-3.489322635057812150e-01
-5.531705829138657826e-01
5.680000058498103910e-02
-8.300970703784085192e-01
1.000000000000000000e+00
-8.798845193405219200e-02
5.022924112598268209e-01
-2.329953805615885276e-01
-1.604213944642096656e-01
5.490783067647615479e-01
3.983603165061592732e-01
