2.469882497408057986e-01
-5.588389526049113432e-01
3.358816420903623645e-01
-3.315117139667222990e-02
1.386791821278854364e-02
8.578170242113316579e-01
1.448165357605291081e-01
-6.620677278862834303e-01
-5.444843390723305143e-01
6.822953516167331589e-01
-3.175904432613241291e-02
-6.185177753060089323e-01
5.588162988729306058e-01
5.771787444320148897e-01
1.911927554351766645e-03
-6.145805151677816713e-01
-7.610592287617371984e-03
-3.039080476439839362e-01
5.618167930725457282e-01
9.976437091529701817e-01
-4.813778275203683954e-01
-3.517181930800437062e-01
5.109906625637012922e-01
1.398535106893776248e-01
-2.820392314854900384e-01
5.886022365175223037e-01
4.806830623386180168e-01
-5.214051314738754606e-01
-5.322549221039827305e-01
4.735279803685236155e-01
3.981201673667833507e-01
7.559495074985034258e-02
-7.670116928060268791e-01
-7.866482418574065605e-01
-7.216198365749517674e-01
-8.859550632265931203e-01
5.165436470180805317e-01
6.492743554052936572e-01
-6.483640717849636914e-01
2.294927208790251694e-01
9.099107473596288465e-01
-5.952012895331654230e-01
1.093979605318962101e-01
1.811434572973031898e-01
5.724307691209145066e-01
5.847891633727193561e-01
-1.397141208951604707e-01
7.743983516881287610e-01
-6.455302287099725644e-01
5.388601075735139911e-01
-7.635990254441042957e-01
1.598393992468559732e-01
1.616574091116935730e-01
7.862189778961341524e-01
-7.463088886323165916e-02
-1.954560460528090640e-02
6.922411500695330178e-01
4.644360810211607404e-01
7.265479995597978746e-01
2.510723936439992476e-01
-1.517714780315371492e-01
5.135525765287962674e-01
1.000000000000000000e+00
-2.794625250761781921e-01
7.045431700552198251e-01
-3.356560405846802375e-01
8.194978520779945264e-01
-4.006118517113959054e-01
-1.030294846745174464e-01
2.865750344985674714e-01
-3.751803583119726060e-01
2.019191723256306137e-01
1.407310648742647885e-01
4.715920602110934556e-01
3.000605609998623358e-01
-3.001344979906331312e-02
-5.499742761574990535e-01
-3.376332579776593068e-01
-5.915673237036331855e-01
9.528067630273595601e-01
-1.929114431581595845e-01
1.725914898032724631e-01
2.109764206457747093e-01
8.723321055055726081e-01
-5.504812944379064987e-01
5.282257282829294631e-02
-8.101988154722518098e-01
-8.803169849724434837e-01
-3.141786708681494344e-01
3.205180068617432543e-01
1.869630779066302484e-01
-1.628115873376625999e-01
1.378844157825351857e-01
-6.260893487564924698e-01
-2.062277207610759278e-01
-5.921865743437673135e-01
-1.234103158287314095e-01
-4.962241524353299127e-01
-7.594849291254157642e-02
-7.033697366447059229e-01
-5.205721402291385580e-01
6.372404900318839882e-01
-4.473395379821358819e-01
-8.230856871669505193e-01
-4.673376643152393761e-01
1.969459300543142666e-01
-6.152988528672069801e-01
-9.482896237601480260e-01
-7.395204922610684184e-01
-9.086467234563356810e-01
2.029437713782824004e-01
2.604288798386356074e-01
4.215615174872258120e-01
4.451603464081086425e-01
-7.552129221239958223e-01
-7.971785717027934925e-01
-9.838561949589981204e-01
7.578996453726063454e-01
-8.296143129384514481e-02
1.000000000000000000e+00
4.747700770811424942e-01
-2.847577512636306207e-01
-3.152392724794854661e-01
1.023238582864047785e-01
-5.943640941369472408e-01
-6.438435258744521494e-01
6.152213738468017556e-01
6.007727242012741442e-01
-2.691687608571026180e-01
-8.866232458485783230e-01
7.667845495990373017e-01
-3.246779356999349719e-01
-1.158045133036209595e-01
-5.850676656315570989e-01
2.939481312953530767e-01
-5.110265718714293026e-01
1.345237188643990112e-01
-5.229780932714396258e-01
9.768335969158705723e-01
8.586160921379780431e-02
-3.408320702597384955e-01
-1.080662642585655669e-01
6.007178996528109716e-01
-7.138344007092847221e-01
-9.487114173452670940e-02
1.066920743248788439e-01
1.881404556727249711e-01
1.547476108238874937e-01
-6.168895103661276025e-02
4.140840127369285195e-01
-9.807905205697347029e-01
-6.884860673248878460e-02
-8.749204888724474438e-01
9.824329524656424395e-01
-2.115340181429465893e-01
-1.505263772608508854e-02
-3.931612889520417209e-01
6.229817032641260521e-01
-3.336158615622129009e-01
7.471320534180215800e-01
5.984853478442618835e-01
-6.495405906186435541e-01
-7.954768419106001964e-01
-2.755646228186594549e-01
-3.355295406499723132e-01
2.382721855043837544e-01
-6.326444611076780244e-01
-7.932557023604529522e-01
5.876646022776761402e-01
-7.878858230031500209e-01
-9.380275546379221452e-02
4.821736443078448175e-01
-6.417333124141662015e-01
-4.757220093863629984e-01
2.470795841216184563e-01
-6.672921964093778691e-01
-5.836569174831547357e-01
-2.893910351839794615e-01
-1.753175342298470274e-01
7.629794919319247137e-01
9.463281929290638939e-01
-9.733723687932653856e-01
-1.000000000000000000e+00
1.495347688823202570e-01
-7.359187460745314491e-02
-7.641413107484065215e-01
-6.677555641966373967e-01
-2.431778897572716147e-01
-2.321790971498691181e-01
7.981954041839811609e-01
-3.558135259365652892e-01
-3.112908271530950288e-01
-8.021099525461936608e-01
2.153215095548834113e-02
6.000841701705981190e-01
5.298977608645873971e-01
-2.029608842193871276e-01
-4.997752300364657341e-01
9.320854397944454695e-01
4.801007070172376157e-01
-7.401505684906428684e-02
-6.326024114431869627e-01
4.233910147312851535e-01
7.471204002937044120e-01
5.781187908770761830e-01
2.171981125094546716e-01
-4.516807885519044108e-01
5.565905197966735107e-01
-6.069167550990630655e-01
-5.940434243681802506e-01
-7.133034445082775399e-01
6.505172267923802210e-01
4.723417181314757407e-01
7.033702111367176046e-01
-8.201496541862043355e-01
2.278595948398154380e-01
3.021207351117913831e-01
5.264644407205496535e-01
-2.518153334304475965e-01
4.469019205694266805e-01
-3.131000056204620297e-01
-8.550117295088497382e-01
-5.281166545283735303e-01
-5.180322491710337429e-01
4.546423810460815673e-01
-4.925602341741943668e-01
-8.134212260837199171e-01
-5.221264442527016048e-01
-8.643270233034214822e-01
3.912960966264052431e-01
-2.400922311966044997e-01
-6.778616601476599168e-01
9.007306320295372926e-01
-2.019197080644500875e-01
1.000000000000000000e+00
-1.618374146747162956e-01
-2.916992049403219212e-01
6.508248410030223474e-02
1.000000000000000000e+00
-9.121127283665347862e-01
-7.407593926082256530e-01
5.359778069941956158e-01
-4.308355220488135906e-02
-1.649071751863576685e-01
5.434403077287330852e-02
-1.296997329424774970e-01
-5.295002366458078091e-01
2.283775255685707717e-02
8.768341584011005718e-01
-2.584917386386897942e-01
-9.854138268138479262e-01
-4.559951148764820883e-02
-9.653555673756855082e-01
5.584005142655735776e-01
7.377258205178651718e-01
5.977266016383011582e-01
-6.668200736861078504e-01
7.684056438701765135e-01
3.273644763169802907e-02
6.689875404047710417e-01
7.884960417678612554e-01
-7.018986986696484909e-02
-1.905254938940578735e-02
2.649750788118963030e-01
3.917982223974834644e-01
