-3.328321432910133493e-02
-1.000000000000000000e+00
-4.317780594279385653e-01
-9.795290564968246461e-01
-2.847159317857936855e-01
-5.900328523198400399e-01
-3.512432487238725809e-01
4.630149352559858045e-01
-1.857003004738331242e-01
7.375841844337678310e-01
-5.183929827894149245e-01
4.304953048700684848e-01
3.676615909447019104e-01
-8.539663555580296883e-01
-8.905340708042934761e-01
-2.244929359080383158e-02
6.490869844306452752e-01
9.925308483292005768e-01
8.435728407018667774e-01
-2.392227105486517402e-01
-1.221998703813088061e-01
8.079761331260348900e-01
3.131012980483183772e-01
8.484000293508117130e-01
-4.264205413003820944e-01
-4.614629102370013114e-01
-3.903977357017625049e-01
6.426846230439929586e-02
-8.032786692652202909e-01
-8.694882285358750407e-01
2.499947650441952107e-01
9.972826188073895537e-01
-9.536494994349340448e-01
3.938226272672238348e-01
2.508427832599906537e-01
1.000000000000000000e+00
2.484287745964582350e-01
5.740702812206102124e-01
6.056314505850848295e-01
-8.441332013960576308e-01
7.079010732253019356e-01
-3.724540105771860787e-01
8.405391831125945679e-01
5.508153220239391246e-01
2.752799049806123333e-02
8.306580979578250812e-01
8.178452306608132716e-01
7.748703141843416020e-02
-2.943443365142277557e-01
3.644994005865791475e-01
-3.179226087206303841e-01
-4.250880559360614708e-01
5.044196348860439105e-01
-2.483022625882507217e-01
2.458461513601755133e-01
-4.191682589567446993e-02
-2.992393735818064116e-01
-9.062936878787085648e-01
1.151951804884228242e-01
-2.643270665903343364e-01
-5.247096328411362531e-01
-4.583470792670870098e-01
4.574330983296688302e-01
7.190755055319844047e-01
3.807887753416125398e-01
2.446869928915216263e-01
-1.967286457165640795e-02
2.405434167751792085e-01
-4.861962486697481989e-01
-7.985736613390191918e-01
4.438534934071143301e-01
6.019101744436650137e-03
-8.847079241946598227e-01
-9.337931896624807049e-02
9.099823304565031190e-01
6.125876184612649711e-01
2.931107930808503070e-01
4.647313509351841398e-01
-5.225966950983440551e-01
1.209916162524911076e-01
-4.914210339837071784e-01
-3.657526080811013824e-01
-3.251243512125954749e-01
-8.030659112909768194e-01
8.186303042898377402e-01
9.816395163180173800e-01
7.727249502660446523e-03
-7.084840337505883268e-01
-7.646171642871243401e-01
-3.573266786731870148e-01
2.377265598629735299e-01
-9.643829161566844776e-01
-4.066549336223965749e-01
9.587615551573529515e-01
-7.047996848505644341e-01
-5.064209762688451910e-01
5.820631491179673045e-01
2.023063961005379108e-01
-4.516894165196938538e-02
-3.469581320087560816e-01
-9.371229581117261898e-01
5.186465489823701702e-01
8.546262816425507225e-01
-5.923049143140877160e-01
-2.527771465763931635e-01
-3.944485483177684326e-01
4.216570222584834493e-01
-5.857794228955646165e-01
1.879762511361926514e-01
-2.001468153653654936e-01
-2.559398890093711465e-02
-3.309919022642231479e-01
-6.578354527533492035e-01
7.559499548026112903e-01
-8.958997484248631960e-01
-7.349757954230589085e-01
-8.596793475760829972e-01
-1.000000000000000000e+00
8.818208866576850991e-01
-2.578221041810724312e-01
-1.566533372363974053e-01
-5.517810637440125066e-02
-1.235111711757932440e-01
-9.175567805632494078e-01
6.886441291342720872e-03
-8.800531733863251604e-01
4.565472854978993578e-01
-2.634516504063530995e-01
-1.000000000000000000e+00
-5.097840576120054035e-01
-2.179905726065960447e-01
4.929738561410990094e-02
-2.502236739217689743e-01
-8.419308198216681749e-01
5.083722273263582281e-01
2.630266693547229084e-01
-2.389485509898855164e-01
-6.112151680181805435e-01
-2.834561633743356568e-01
2.816141205748718956e-01
-2.395960456616605949e-01
-3.323923290252490670e-01
1.294909210064338900e-01
-5.726523809803760190e-02
3.355117617811396169e-01
-6.350147140213859842e-01
-5.587711298245978675e-01
4.597789856687530263e-01
3.626209595131467678e-01
-5.666654688495580405e-01
7.535847884679471864e-01
-9.689413905747241706e-01
5.193361173272098563e-01
-1.203596117905769702e-01
9.642746166475432701e-02
-3.933838895721193385e-01
5.675729383540250028e-01
9.162552736824067789e-01
8.315812167156861889e-01
8.530260356169261371e-01
4.245391834453247082e-01
2.718049626371284860e-03
6.812793976739374147e-01
7.841926200510005440e-01
-6.859188522215016182e-01
1.978527992739880226e-01
4.237204221786919911e-01
5.762412855260876654e-01
-2.042872948280138878e-01
6.102064063213190614e-01
1.907966429849607959e-01
4.336928034796017073e-01
-7.772676955415065425e-01
3.867956621229031722e-01
-5.131855454386338167e-01
2.020543576927691376e-02
2.148444241198339544e-01
-7.398812358709047077e-01
-2.792693026821836400e-01
-7.765012765342433898e-01
-9.897513968469822121e-01
-2.770188576920100398e-02
-7.408702870790007111e-02
4.142596133075745479e-01
8.335930542480353145e-01
7.623611507149623545e-01
4.181844977087940951e-02
7.300977466015927675e-01
3.218229342209328880e-01
6.536372365367328907e-01
-7.777529502060553934e-01
-2.632181408090533692e-01
6.467434025825328225e-01
-2.101637916229818770e-01
2.633262811995141228e-01
6.251660677870274352e-02
5.033257142432399078e-01
-2.422231131034218166e-01
-5.550280256855963934e-01
-3.792865067302444437e-01
-8.277163405321610323e-01
9.621297158972079711e-01
9.855775829300486013e-01
5.133219564365638643e-01
3.144790892029367679e-01
1.705289926684125934e-01
-6.419724025202067086e-02
-5.421839006146835782e-01
-1.775426530644790279e-01
-1.115240196788125360e-01
-8.323081867311050708e-01
-9.693119070165101547e-01
8.686868730244734493e-02
4.788666568646717803e-01
9.745895275536591296e-01
-2.177239236540136069e-01
2.055155145634493530e-01
4.180846980345276354e-01
-6.352378535417353422e-01
-1.000000000000000000e+00
-4.638343103762407327e-01
4.548145302391164435e-01
-5.892011431719754722e-01
9.183897638132838548e-01
-5.021476906261088669e-01
-6.637684984108623842e-01
5.100356763379549907e-01
-9.591393152520555354e-01
-2.891631871335624826e-01
2.605737499258662382e-01
2.523877291886547636e-02
9.773188031105424223e-01
7.581150826727283132e-01
5.071154300682607641e-01
-6.743992119710595645e-02
-2.556524796352421247e-01
-1.474796811193503088e-01
4.587220592266257335e-01
8.477818071730941485e-01
3.398916094172568236e-01
-8.169414971264190584e-01
-5.433002501542063545e-01
5.905056002277226934e-01
8.049444574141924047e-01
-4.551609039187604067e-02
6.946791154241990229e-01
7.563373108984197124e-01
3.467635703206555231e-01
-1.550825961275812404e-01
3.496644973068585016e-01
-9.631519987623680112e-01
-5.888786597933926004e-01
1.300025166616778360e-01
-9.780663200922357081e-01
2.615074390653746028e-01
5.586600384128690422e-01
-2.321308104029018438e-01
2.071664456709751967e-01
-7.990043728068666473e-01
-4.323302821662793338e-01
7.737439436032955697e-01
2.141006444204340831e-02
-3.127881539728776250e-01
-4.563058791543634918e-01
9.006722858865905401e-01
