-1.645939229304365092e-01
6.594507637239881426e-01
-1.000000000000000000e+00
-4.094310494478621276e-01
5.722655431076665300e-01
1.000000000000000000e+00
1.000000000000000000e+00
1.511290542364462919e-01
7.083893266704617275e-01
4.678260259006298827e-01
2.977565182938128885e-01
-1.472593509861255257e-01
1.000000000000000000e+00
-1.296282162078844502e-01
-5.997400320939905161e-02
2.864652906444812852e-01
-3.326082644518386644e-01
1.736603224455409711e-01
5.695226903185893752e-01
5.164840909707371086e-01
-1.000000000000000000e+00
-2.409680943939167541e-01
-4.632398870761356147e-01
-7.217344586241953852e-01
4.928072610009700538e-01
4.645491629969082936e-01
7.844203920531289675e-02
-9.979278338100492363e-01
1.000000000000000000e+00
3.342879207039722855e-01
-8.696886127271730160e-02
-9.220766463609149088e-01
1.000000000000000000e+00
2.026474015055724776e-01
9.777717935810570360e-02
-7.990410756699550809e-01
1.000000000000000000e+00
-6.918703190755434163e-01
-2.882384067466408073e-01
-1.340853552509395641e-01
3.941005441271727694e-01
3.837272333096750643e-01
-4.619313713690060275e-01
1.049433941208299803e-01
7.646853007424441184e-01
3.100303901264871431e-01
-1.000000000000000000e+00
5.822589002562680305e-01
5.202471537266619706e-01
6.714388181222388230e-01
5.505483001771321883e-01
1.945380861101407288e-01
-1.255002839921022240e-01
7.983899012417052798e-01
6.567761826838975914e-01
-1.524158896673279973e-01
-3.751880800569207253e-01
-2.008769731416570892e-02
8.908195778572776113e-01
-2.193703851880278721e-01
-8.169893942597410419e-01
-1.000000000000000000e+00
1.835766101428948360e-02
-1.000000000000000000e+00
1.000000000000000000e+00
1.000000000000000000e+00
7.571736057577369561e-01
7.017241816604742333e-01
5.957342451293017316e-01
-1.000000000000000000e+00
1.000000000000000000e+00
1.876900683936582048e-01
5.603706000660959585e-01
5.060371763621098751e-01
-7.668510272543203055e-01
-4.879857840289931747e-01
-5.793629704469793751e-01
3.652919345351304803e-01
-7.760141113693710402e-01
-6.025714535982482634e-01
-7.907756638646870062e-01
1.000000000000000000e+00
-1.000000000000000000e+00
9.914095977663657244e-01
9.549073287372367158e-01
6.581999395294528821e-01
-1.000000000000000000e+00
7.649444512480632064e-01
9.308634102168017455e-02
1.000000000000000000e+00
-1.000000000000000000e+00
2.116603640497372041e-01
8.951037250382565258e-01
-4.298821121018654434e-01
6.572516350948724995e-01
-5.258983613660068723e-01
-9.531810121575801098e-01
5.003016748137439906e-01
-1.000000000000000000e+00
1.000000000000000000e+00
-2.278866368479588456e-01
-3.028791285734548921e-01
-2.538154042795142118e-01
4.985257350758734995e-01
6.459005504616162074e-01
-1.452436962330219128e-01
-6.535261960162921380e-01
-1.000000000000000000e+00
-9.752254374609927723e-01
1.000000000000000000e+00
-6.959313577942799478e-02
4.020951584568179804e-01
-9.692892029767645745e-01
-1.000000000000000000e+00
-7.602948516773453402e-01
9.963915648510339729e-01
6.366625177890736786e-01
-2.010233033386166213e-02
9.807486670596299305e-02
3.021894069844119901e-01
1.273130002200180966e-01
4.675693285078137418e-01
9.434604546018765525e-02
6.983286145653953003e-01
8.547546650609834096e-01
-1.000000000000000000e+00
6.057317154543184756e-01
1.797502669665433928e-01
5.075534687273075551e-01
-1.000000000000000000e+00
-4.797414571958805163e-01
2.489089056808311828e-01
-3.635639523377556248e-01
1.333550446920254151e-01
-1.000000000000000000e+00
-4.176483811403268742e-01
6.063365619449514465e-01
2.341467668328189866e-01
2.399468051478436670e-01
7.028039605391526168e-01
3.837449135525999866e-02
8.343259261579891728e-01
-1.000000000000000000e+00
-1.000000000000000000e+00
-6.795511844657483591e-01
2.221206826847621496e-02
1.000000000000000000e+00
4.695944701967131873e-01
-1.000000000000000000e+00
1.609209890818281696e-01
-4.735937426409770890e-01
1.000000000000000000e+00
-6.879459650690498140e-01
-3.642746191335055062e-01
-4.977733336215308668e-01
-4.101535462154510814e-01
-2.918506234554758549e-01
9.078445330328270835e-01
8.107724921145311736e-01
-1.178115858875878885e-01
4.510296794697986056e-01
-1.000000000000000000e+00
-8.478744820963215467e-01
-1.000000000000000000e+00
7.962993254661479003e-01
8.852252916470966237e-01
2.243455124606827944e-01
-4.976417693210175575e-01
9.351799617485283544e-01
-4.317440343181524476e-01
9.979474033615278739e-01
8.498473524016310066e-01
-6.448589565684492708e-01
1.000000000000000000e+00
-3.861895800022066005e-01
-7.290195836431460075e-01
-1.000000000000000000e+00
-2.672936498844151743e-01
-2.260675418162370054e-01
4.257799201630931840e-01
1.334055366605710891e-01
-7.332435492397288979e-01
1.317905898848998891e-01
-1.000000000000000000e+00
-1.000000000000000000e+00
-8.252287522798609221e-01
-9.954767150917032126e-02
-7.438308810168459129e-01
3.463814071236783754e-01
-3.800165768898069452e-01
5.667409552163515940e-02
-4.602850571298662263e-01
-2.752162711541557005e-01
8.649287011653145063e-02
-3.771796437133552171e-01
5.741006693922716675e-01
-1.000000000000000000e+00
6.342285996596668252e-01
1.587777519635962253e-01
-1.000000000000000000e+00
-1.000000000000000000e+00
3.740031339217647632e-01
2.518481522040753040e-01
2.402351138615249626e-02
-2.869015128613611187e-01
-4.275187672808884454e-01
8.483152458485034852e-01
-5.296529996322387746e-01
-7.108208582096521289e-01
-8.806762751931339617e-01
9.636719797190749226e-01
-7.118495500911541374e-01
-1.000000000000000000e+00
4.608327154705753603e-01
-9.182010463542953360e-01
-4.051631485755260442e-01
-8.240628797312699039e-01
-6.167106306835885565e-01
-2.425490211482974612e-01
-4.793381975913864612e-01
3.023599793609529351e-01
3.529196832998771072e-01
7.207148665669250720e-01
-1.457750839477587324e-01
5.497187982126150452e-02
-5.255408932593788052e-01
-3.128756974981401484e-01
7.548816535814582007e-01
2.654062027267900525e-02
-6.039316946391444230e-01
-6.411432442876450200e-01
-4.172288043432754723e-01
-7.800201129838324476e-01
5.989301265225728255e-01
-2.373186639668680709e-01
6.448640083378154308e-02
5.069133547576941679e-01
-8.581098053043061391e-01
8.943203812068709624e-01
-8.158358569066602728e-01
3.594611085892482905e-01
-1.000000000000000000e+00
-4.498232253335177067e-02
2.286742362408356044e-02
-1.000000000000000000e+00
-7.265595927083351446e-01
-3.122260873244764312e-02
-1.000000000000000000e+00
6.355042229096863338e-02
-6.015896000387099818e-01
-8.387815884521601095e-01
1.000000000000000000e+00
-8.810286720726698828e-01
6.852958105170927627e-01
7.996624957510185538e-01
-6.659010775852370889e-01
-2.782612897272329633e-03
-5.767599794128561719e-01
-1.000000000000000000e+00
-4.364354898299994678e-01
-9.472303334779510475e-01
2.626369271568307351e-02
6.957117305503548454e-01
-1.000000000000000000e+00
-1.000000000000000000e+00
