1.592487350356830422e-01
-7.341469683125150247e-01
1.000000000000000000e+00
-6.744531507527879999e-01
5.717924332552513089e-01
-7.707627496136841838e-01
-8.491834240228899322e-01
-4.909825303325887624e-01
6.053956652990895027e-01
1.169215280980152039e-01
-7.301120332219250830e-01
-1.441771498937143292e-01
8.285788674514016350e-02
-7.199107017939272435e-01
-5.411838033656635183e-02
-4.467375796282979650e-03
4.648082952243326460e-02
3.336989873770130344e-01
-2.264805634230315778e-01
-1.834965090100593166e-02
-1.000000000000000000e+00
9.279591654233840803e-01
-7.452915491628635536e-01
-3.817816015292030407e-01
6.889024006200219485e-01
5.550905254222853191e-01
-3.499925489473385554e-01
-1.000000000000000000e+00
-2.836972016664147667e-01
-6.792717143881399355e-02
-7.277217859544056200e-01
3.734459197843458256e-01
9.331144155558634967e-01
-3.359815768680607384e-02
7.991690212378019798e-01
7.430572463730995558e-01
4.689880708570393075e-02
3.198594997952834973e-01
8.207987306223837320e-01
-2.042020191774912563e-01
-3.625566486493503326e-01
-8.046126353885840743e-02
-8.532037712770612625e-01
-6.116874485305525688e-01
6.650620930538522213e-01
5.303446537251533810e-01
6.398592717364890436e-01
-3.745607509060688844e-01
-2.965565092797903812e-01
6.082104460647184130e-01
-3.166294882523987830e-01
8.961291678074361222e-01
-3.049157064178937837e-01
2.562355596808092439e-01
-6.006918975488773071e-01
8.521854009840945654e-01
5.267181966894609602e-01
9.594278378312596223e-01
-4.604642827950455874e-02
-4.849708144498061646e-01
2.828582915963930855e-01
-1.284304394549963813e-01
-1.901984227929824911e-01
-9.283084122014415573e-01
9.077242892212411540e-01
4.649611696974516040e-01
7.496872678521038225e-01
-5.536518414160362944e-01
-5.235743571107609462e-01
5.147990021904870206e-01
-1.681282578328551214e-01
7.095218511398087013e-01
-6.066457897582053782e-01
1.385232383417276392e-01
2.230102824517625759e-01
-7.274022232065519011e-02
-1.000000000000000000e+00
3.551509469823791454e-01
-1.000000000000000000e+00
-1.000000000000000000e+00
7.741808937097551802e-01
1.000000000000000000e+00
1.303068409277138850e-01
1.000000000000000000e+00
6.224828733693010818e-02
-9.114070399565390446e-01
-2.342099814787508283e-01
-9.948476119830318432e-01
5.310788071172192204e-01
1.167544572321288499e-02
-8.718403161018510872e-01
4.308006628879359479e-01
2.580661138472120086e-01
1.000000000000000000e+00
-1.824519552518586440e-01
-7.686061229748855084e-01
-1.000000000000000000e+00
8.373391740044300313e-01
4.864310458334153431e-01
4.617555178453294218e-01
5.486492360595514040e-01
6.200420093034648694e-01
3.896338097103131393e-01
-6.242361442758161960e-01
7.153456366138826183e-01
5.265763064212449773e-01
-1.000000000000000000e+00
-2.541760496175347050e-01
-7.705907325886729442e-02
-5.395006663492181165e-01
3.928493896029214838e-01
-6.374859467259972323e-01
5.590792652673224339e-01
-1.882872110213511530e-01
2.772836968582733652e-01
-9.502732282981540823e-01
-1.427982474322122552e-01
1.000000000000000000e+00
7.552730900301631856e-01
-7.953722448890752084e-01
2.064366804883355222e-01
-1.000000000000000000e+00
2.021736115732404859e-01
4.672126965799316967e-01
-5.226403216086026315e-01
6.792224053298085984e-01
6.496860075625434661e-01
-3.953338328815262370e-01
5.425281683167184621e-01
7.823756083565512887e-01
-1.036396167286124381e-01
4.123493823151245241e-01
-1.745064265247264212e-01
9.420606287507132803e-01
-3.759749901305557973e-01
-1.237393549000476156e-01
1.000000000000000000e+00
7.379609159234299387e-01
-5.937625096510648071e-01
-1.152373392987500189e-01
5.401793663552065805e-01
4.604905631346476458e-01
-7.777367279084332896e-01
-9.635199939053313845e-01
1.000000000000000000e+00
-6.369859175291825437e-01
-3.720806779009278031e-01
8.202499058734762372e-01
3.144909944310645411e-01
2.297582272948632820e-01
-8.427900806660947319e-01
-1.000000000000000000e+00
3.236742562502881171e-01
4.518076609399274135e-01
-6.450720815591819424e-01
-2.876988826731481375e-01
-1.000000000000000000e+00
5.276339568710848305e-01
-1.708400487702969039e-01
1.699254845876621012e-01
-7.907414268854395800e-01
-3.814747633928425863e-01
-5.118039230979978260e-01
-4.362525546229818474e-01
-9.947622022309290379e-01
-5.388541539619839948e-02
2.283832294442689204e-02
7.717652606801683746e-01
-9.273744435882713688e-01
-7.552094380941938301e-01
5.106543646971181127e-01
1.000000000000000000e+00
-4.305856505973498227e-01
-1.000000000000000000e+00
-3.178621807065746818e-01
-1.155941919222280845e-01
-3.946457345930589056e-01
-1.506426985858506651e-01
1.604093197976466101e-01
-1.000000000000000000e+00
1.000000000000000000e+00
4.921218767832109542e-01
2.595656985474220635e-01
-1.711582445550499099e-01
3.717327923386213318e-01
-4.620933505834057264e-01
7.814937942254962522e-02
4.882304383385602797e-01
-6.092225211068165169e-01
-6.073061634413727816e-01
-1.423669056353544793e-01
-9.501335667312107436e-01
-1.000000000000000000e+00
5.184843812825727927e-01
2.848781800175063661e-01
-4.523557903280366888e-01
-5.563136963336193785e-01
-3.725871903526525308e-01
2.230515097576032946e-02
7.321031199976817394e-01
5.890827334154025152e-03
-1.000000000000000000e+00
9.021737458566202461e-01
-7.015311957926413378e-01
9.486145327546013917e-01
-1.000000000000000000e+00
-9.668352299492770641e-01
-6.947650446174832295e-01
-1.188765630222841096e-01
6.048192950244383193e-01
-2.484329054052414332e-02
1.000000000000000000e+00
-4.142481075156352333e-01
7.581766616952931859e-01
5.957681119605562348e-02
-8.497298749005335328e-01
-5.450048316967202044e-01
7.580189622200543820e-01
6.791247675046694354e-01
4.030358954680846040e-02
-8.156062659331373421e-01
-1.463189500503175311e-01
1.702930134492228742e-01
1.000280163504523312e-01
5.904292106345869762e-01
-3.080872472394019512e-01
-6.712872934572930994e-01
-6.668986828270706546e-02
3.957684776818503614e-01
-7.926204603576372798e-02
-8.785248806517447218e-01
-1.000000000000000000e+00
-8.906016193989871876e-01
1.000000000000000000e+00
5.219955791258534816e-01
-2.463958801461243464e-01
3.144326119362506056e-01
1.000000000000000000e+00
1.000000000000000000e+00
1.000000000000000000e+00
-5.510458483763940318e-01
-5.772653550788070520e-02
9.418131840215837602e-01
1.000000000000000000e+00
-5.332344571842235759e-01
-2.370603982009127364e-01
-3.205547885166077360e-01
-2.849685818652569758e-01
2.099151670222876298e-02
-5.060162465732820358e-02
1.000000000000000000e+00
-2.119664400207013077e-01
5.477056782826401626e-01
-1.429111875010329324e-01
-4.286429266605915611e-01
-9.421386335288162162e-01
-1.000000000000000000e+00
-2.478028505686763472e-01
-7.296571675233389787e-01
2.216076766341292803e-01
-5.751069408214650736e-01
-2.426982117868111688e-01
-8.663372443751857777e-01
-8.889150136561634330e-01
4.993445563156417855e-01
