5.322506153057646738e-01
3.434495599662421572e-01
-4.371571627726444920e-01
-5.719399530635760343e-01
1.000000000000000000e+00
1.525465290584422373e-01
-2.253433270738434135e-01
-1.000000000000000000e+00
1.000000000000000000e+00
-6.472906915548923834e-01
1.995135806718795202e-02
1.000000000000000000e+00
8.824428315304655435e-02
-3.616390734518605821e-01
5.786215952973412513e-01
-9.094213288192509737e-02
9.691760435794738449e-01
-1.000000000000000000e+00
-1.478428309949864072e-02
-6.968868232959422038e-01
-1.000000000000000000e+00
4.834668236934241969e-01
2.656276129747729975e-01
-3.150647836131430513e-01
5.892598180810213471e-01
5.927627029814110937e-01
8.820288370226284647e-01
-2.572232697989502714e-01
6.861697544359856016e-01
-1.000000000000000000e+00
-4.898376539120252726e-01
-2.562414043751364279e-01
-1.000000000000000000e+00
-6.851010641357374586e-01
-2.117593776994444177e-01
5.471411473656282581e-02
2.909686571768175245e-01
-6.026982655592849625e-01
-1.000000000000000000e+00
1.000000000000000000e+00
1.000000000000000000e+00
9.378855723111862996e-01
-7.164704574985956143e-01
-1.000000000000000000e+00
-6.602250659946556910e-02
-6.491217842634280366e-01
6.276641302862513427e-01
-7.798397286416092200e-01
-3.054382777859419029e-01
8.046846145242454451e-01
-1.805869170237929811e-01
1.000000000000000000e+00
1.000000000000000000e+00
-9.304512337337761396e-01
6.604971293317660752e-01
-5.207188182875206461e-01
2.313898247311443335e-01
-9.502303138299261764e-01
1.476985761840676759e-01
1.000000000000000000e+00
-5.536624477578303560e-01
-4.668220037381586307e-01
-1.000000000000000000e+00
5.184746489297674676e-01
1.502992209977535021e-01
-1.000000000000000000e+00
2.304633432008922345e-01
7.190626350505797681e-01
4.337310106898009110e-01
2.062899397956966530e-01
-7.137012628860888164e-01
-2.787474013458446365e-02
1.620179576491413975e-01
-9.721577330397646044e-02
-4.594579145772836881e-02
-3.288950692460131803e-02
5.442120368948926146e-01
8.255194395064162638e-01
-6.030746962020501201e-01
-2.947782430268393039e-01
-6.048207355743927538e-01
-3.185963514233411953e-01
7.169385592698691578e-01
1.000000000000000000e+00
-8.598993859620247537e-01
1.004818782481134848e-01
8.146736184757734645e-01
1.914063205851995741e-01
1.880496027505593748e-01
-1.873937420057141257e-01
-5.490150228970238633e-01
4.380126101820027706e-01
-4.688392318555894556e-01
7.287581557878868299e-01
-1.000000000000000000e+00
-7.384006210227447298e-01
-5.607368839416611017e-01
9.563895012753249603e-01
-1.837058579057455343e-01
-4.436055150625827226e-01
-1.000000000000000000e+00
7.869040560566051834e-01
-4.153941093762070769e-01
-8.454487402324764034e-01
-4.124013486414759289e-01
-4.615218842630559593e-01
-2.107263929515874601e-01
8.072440205241036004e-01
6.466027620672032405e-02
4.579500416889719649e-01
-7.153544458276914764e-01
3.453064520470825460e-01
-1.000000000000000000e+00
-7.403972097006219499e-01
-6.694849601503984893e-01
8.262149521890462811e-01
-6.443452169713064226e-01
4.660886384677187522e-02
5.418348788756197631e-01
1.000000000000000000e+00
-1.000000000000000000e+00
-3.218653133341708994e-02
2.068882877637847617e-01
-1.000000000000000000e+00
-8.544689020324163220e-01
9.714768569814649091e-01
4.716248390292807624e-01
9.201069213778412248e-01
-1.000000000000000000e+00
1.980560959698886292e-02
3.209029812484822664e-01
-3.939932051651495737e-01
-7.879910584616012237e-03
-1.000000000000000000e+00
-6.253605728428861532e-01
-5.377297553942832486e-01
2.098819111662111325e-01
5.922328522662902994e-01
7.809015958026670479e-01
-1.000000000000000000e+00
-4.991029645865086017e-01
-9.965769454120715354e-02
-8.684205085363353449e-01
1.000000000000000000e+00
-8.392677819417064811e-01
6.987494131392611996e-01
1.000000000000000000e+00
1.261693091530780020e-02
4.084669054891398310e-01
-1.000000000000000000e+00
3.235480932054453640e-01
-4.914208165493409997e-01
-9.075891940459629437e-02
3.532500565588261310e-01
-6.444318818496243273e-02
-1.292639995970108480e-01
-3.671704753059670256e-01
-3.768529917230588056e-01
7.317514924995591752e-01
5.344751678844748000e-01
3.365062194745100932e-01
1.000000000000000000e+00
-2.993500368402488565e-01
1.000000000000000000e+00
3.699054653545663651e-02
-6.779742597962780115e-01
-3.540543209771072064e-01
2.399867189343083407e-01
-4.364040280077480238e-01
1.000000000000000000e+00
9.540846908384739145e-01
-1.000000000000000000e+00
6.659694760204263320e-01
3.871751742272697694e-01
5.360283323070605954e-01
8.574892584801110385e-01
-7.388123260143499849e-01
4.108742430160987613e-01
-4.723927004276944341e-01
4.647999311190831317e-01
-4.388312281854065411e-01
-3.335791296234806302e-01
-4.137096482131172870e-01
8.322064084475466750e-02
1.656036809042333857e-01
4.607784494255115493e-01
-6.372963122770969324e-01
-1.000000000000000000e+00
-1.000000000000000000e+00
-1.000000000000000000e+00
-1.000000000000000000e+00
-1.000000000000000000e+00
-4.624040279333421766e-01
9.091683586316889887e-01
-7.480582506314679136e-01
1.000000000000000000e+00
1.318319866398540707e-01
1.000000000000000000e+00
-3.666837863653493734e-02
-1.000000000000000000e+00
-5.521084748713526169e-01
4.997344682323585086e-01
-4.760406947350277473e-01
-1.086216947007330180e-01
6.639457474720336094e-01
-6.530786987645191832e-01
-1.000000000000000000e+00
-8.869364155098596880e-01
1.934168948666410703e-02
-1.000000000000000000e+00
-1.677221047237254514e-01
-1.746038455520690924e-01
8.571390869712782745e-01
6.130227253017999089e-01
1.000000000000000000e+00
-4.371905199040605483e-01
-9.052213881074759882e-01
3.904038931299047555e-02
2.911757916281263459e-01
7.588071915157428293e-01
-2.306124069410904198e-01
5.206073064601579592e-01
-9.592959139013799152e-01
-1.000000000000000000e+00
-5.634505241040708157e-01
1.000000000000000000e+00
-2.795731453902318142e-01
-5.070782335262216667e-02
8.786293982546551362e-01
-1.550814653914112107e-01
-6.785176308197726769e-01
-4.695012416632591279e-01
1.000000000000000000e+00
-1.000000000000000000e+00
8.483524477243924444e-01
9.922469793492982859e-01
-1.000000000000000000e+00
1.000000000000000000e+00
-1.216339395146761593e-01
7.941194178347530386e-01
4.466460133277800892e-01
-5.178590313679576340e-01
-1.000000000000000000e+00
-9.179761544926610117e-01
-2.344716251943217422e-01
3.448713140785822362e-01
1.000000000000000000e+00
9.551636408453063609e-01
6.821114693595853318e-01
-1.000000000000000000e+00
-9.226243958463018480e-01
9.796616404850810866e-01
1.294316242138380257e-01
7.382712767579178159e-01
4.281931209750969303e-01
-1.333903304184556049e-01
-1.000000000000000000e+00
2.194169680313513560e-01
7.936337427184180227e-01
4.178866184585703358e-01
-6.791610310386826388e-01
-4.058213834042566637e-01
5.720029718685263331e-01
1.000000000000000000e+00
7.432353630362966701e-01
