8.837004722606820462e-01
-3.263224335634531403e-01
-2.823033736468244514e-01
4.153199864017813603e-01
-9.896132946933322572e-01
-4.330278868801797909e-01
9.937559067799606183e-02
-1.625647254618454163e-01
3.193277027295375881e-01
5.622773885000896810e-01
7.007000928432449705e-02
-1.631107317739901863e-01
3.227279033711214495e-01
1.025425465567542105e-01
-7.649359749805499931e-01
-1.005862731006572641e-01
5.887993399151749685e-01
9.320148441836617614e-01
-1.252950080026364876e-01
-6.987476041184976783e-01
1.000000000000000000e+00
1.121341550292149769e-01
-2.390886035109169860e-01
-8.291397889022202872e-01
-5.026964937475271178e-01
-1.000000000000000000e+00
6.060306776493623593e-02
4.066553706865289053e-02
6.607144761135836930e-01
-5.659523402799269132e-01
4.474602494728854296e-01
2.582127204067696802e-01
-1.000000000000000000e+00
-1.000000000000000000e+00
-2.493332397032466119e-01
2.336765245126875001e-01
8.303450237003493495e-01
9.313550186644812268e-01
-2.522567972342169007e-01
8.083499171441292930e-01
-3.853525060244216149e-01
1.000000000000000000e+00
2.354925341786939796e-03
-1.288676888312296764e-01
1.121328491146817985e-01
1.000000000000000000e+00
3.845261879793131499e-01
-3.889526940123899656e-02
-8.300824967914557373e-01
4.260383228445182024e-01
-1.392650934963568510e-01
-3.540804675730093720e-01
8.965179448393425510e-01
2.761050662746244999e-02
7.143693321665771645e-01
-7.403699269139467631e-01
-3.938050995460407044e-01
4.641507610294246522e-01
-3.384459259100716100e-01
-7.988701376168196866e-01
-3.371996494680151724e-01
4.838860705365102266e-01
5.098645928874607769e-01
-2.078770533009328680e-01
7.389177922577103708e-01
5.705971893290322505e-01
-9.676024060870387355e-01
4.222482256919288801e-01
-9.058626899201919214e-01
-1.000000000000000000e+00
-7.800179187658788926e-01
-1.420071132935245561e-01
-9.269747780779735713e-01
2.632714608979995763e-01
3.173765065097348126e-01
-4.639629119499255605e-01
1.000000000000000000e+00
1.000000000000000000e+00
-2.793713893256555281e-01
1.000000000000000000e+00
4.390223363230658649e-01
-8.127944015329962024e-01
-1.255281777821246614e-01
1.879721560120233281e-01
1.000000000000000000e+00
4.889508900927139745e-01
-8.923281326040570782e-01
4.514796062502171026e-01
-8.110879380011752904e-01
1.000000000000000000e+00
-9.365985004041932349e-01
5.731936644498319966e-01
-4.474963402483012054e-01
-6.758012173763630059e-01
1.000000000000000000e+00
9.845201583160223535e-02
-5.807553604810045123e-02
1.188166295081793944e-01
-9.549693564305425930e-01
6.772817591638002899e-01
4.320715878462062509e-01
1.000000000000000000e+00
-4.511274437901268697e-01
2.541874256481955197e-01
-2.669419596065925049e-01
-9.884053253458144894e-01
1.103070315583924155e-01
-8.810162160018009114e-01
9.671297919195942505e-01
2.430889093261103806e-01
7.655112085577142622e-01
-5.142684494152627295e-01
7.408588698064331179e-01
-8.206066591835736723e-01
6.051981302176636657e-01
-5.427254037563444822e-01
7.219059587906062614e-01
-1.438303379802574611e-01
-1.929889613619690802e-01
-8.081849356565601328e-01
-9.130691145226699224e-01
7.963756673466648728e-02
9.119679561516083055e-01
-8.653899545226917400e-01
6.990101444078167248e-01
8.638489473331145696e-01
5.028236211187574467e-01
7.605793049354815372e-01
1.000000000000000000e+00
7.319324271773173241e-01
9.124826457908756794e-01
-5.648077811288176875e-02
-8.678579949948372896e-01
-7.880496306251550953e-01
8.538524257455868405e-01
-8.284870066721350401e-01
6.474935816207200157e-03
-7.162223599490920023e-01
-5.008554523938115732e-01
2.008741241589151461e-01
1.638831037659004841e-01
-1.000000000000000000e+00
-1.859561329489076709e-01
1.000000000000000000e+00
6.352306111506402786e-01
1.230946554900325118e-01
-5.505582014117319511e-01
6.254672788144608475e-01
-9.437235505276564407e-01
-4.614789404524690664e-01
1.000000000000000000e+00
-7.540337855874306161e-01
-7.068351037255489189e-01
1.000000000000000000e+00
1.201884039901376378e-01
8.147941049984008810e-01
-6.917264336571626870e-01
-8.257762457833657255e-01
1.000000000000000000e+00
5.992255728069668663e-01
1.000000000000000000e+00
4.846183321274026845e-01
-5.858699573737078392e-01
1.000000000000000000e+00
-2.916553351901240987e-02
1.424536706616668091e-01
6.019073608110077078e-01
4.987430232780651895e-01
-3.975366855523998488e-02
-9.308952775831962345e-01
-3.739601100887335328e-01
9.614070992399494919e-01
-3.606251656908576742e-02
-6.805132976133940748e-01
8.866042118998103128e-01
2.817827628568748688e-01
5.825575342230036036e-01
-2.900491661372153751e-01
-4.897098344736283693e-02
3.190599553749102757e-01
8.399330577773105322e-01
-2.390455931687136548e-01
2.746056197654378472e-01
-3.887208671751291034e-02
-6.966178430352095718e-01
-5.996087781926324745e-01
7.331207502482688376e-01
-6.188220482528135058e-01
1.000000000000000000e+00
-4.938029786762665463e-01
9.139326104582679022e-01
-6.184981672337952485e-01
2.194158558779354395e-01
-1.000000000000000000e+00
2.675557945850028929e-01
3.448046308895014178e-02
2.469284094571591037e-01
7.884071268920807007e-01
5.708313285672081960e-01
6.972821635280130881e-01
5.118387817601983691e-01
1.876880989275329092e-01
-1.096665904623921328e-01
5.264143970918693238e-01
6.751892768585137095e-01
4.222062039181005977e-01
-1.000000000000000000e+00
8.552945559436175849e-01
-5.708170389546600720e-01
7.897173163286055342e-01
9.897306912869652251e-01
6.870578642129030467e-01
9.492480863012691117e-01
4.453176743358602252e-01
3.339846542058080292e-01
-3.925356190980430204e-01
6.340035387639209041e-02
-9.254660429772862962e-01
-6.993879368125743845e-01
5.594027200527844634e-01
-3.126945108752412494e-01
6.236856920558717654e-01
6.028825012438281394e-01
-8.586035860450946799e-02
-7.522280564356076393e-01
2.335939299023600813e-01
-7.540357177834273728e-01
9.099945572949377226e-01
-4.231961051348420710e-02
3.977903623170930825e-01
9.003575681925335417e-02
5.682065468903112482e-01
-9.718211486848837843e-02
-5.371853240921091732e-01
-5.860935660427857297e-01
-3.286679971469317341e-01
4.152308202992254227e-01
-1.000000000000000000e+00
6.156663991661621704e-01
-8.302157443845603613e-01
1.000000000000000000e+00
-4.948937999622637918e-01
8.305358135071736481e-01
8.100571865162498053e-01
-2.039203842150515977e-01
-2.066007442716939480e-01
-2.687202615575943754e-01
-1.426098994553517407e-01
1.316540469022338122e-01
3.867047763715356634e-01
-3.520937549090978891e-01
6.841301924592508854e-01
9.112921844153387685e-01
8.319826285109614972e-01
-7.391941783989430803e-01
7.864789517465594626e-01
1.661728036696106248e-01
7.658874611794106446e-01
9.560062337346095784e-01
4.815663200387751974e-01
-6.083178924161576351e-01
9.587495250642288358e-01
7.157478628911828622e-01
8.136522392008642690e-01
8.378248423174641246e-01
