-8.203040275746642518e-01
-4.237830849647246101e-01
3.940698775590063541e-01
9.929686887775088788e-01
1.000000000000000000e+00
-2.420297695176436004e-01
-1.000000000000000000e+00
-4.971570437210670601e-02
-8.777458484176881015e-01
-1.145165822208249473e-01
-1.716105190640600520e-01
5.637545130412437988e-01
-7.777886296171140912e-03
3.393497230217057403e-01
4.374355406951184189e-01
-8.526219256687167514e-01
1.647034425651422440e-03
6.351783785200937338e-01
4.145209651068464951e-01
6.419935821256979036e-01
-1.083638223422669356e-01
4.438668483496950312e-01
7.732684791728445806e-01
-4.745843192301841817e-01
-6.185921175942024064e-01
1.232132824900178669e-01
-4.636105783125196167e-01
-8.907377304758692382e-01
-5.445656860155746459e-01
-5.446469461023871750e-01
8.242899181946358178e-01
8.666202411833217045e-01
7.740311943321673827e-01
2.289967129655782196e-01
6.419296360403313750e-01
-1.000000000000000000e+00
-2.533811359162467247e-01
-2.500824020915608514e-01
-1.000000000000000000e+00
-6.685162607563280845e-01
5.621304837208567218e-01
9.468772397695139620e-02
-5.546721703179104956e-01
-7.606629078282820533e-01
5.564960177491904414e-01
-7.142342190829100712e-01
1.000000000000000000e+00
-7.190491169902663016e-01
7.108916522553179185e-01
-1.665091508016075528e-01
-4.408555760225488784e-01
6.346228981756434351e-01
-7.224528397178402450e-01
1.714405615480843192e-01
1.143797099295152525e-01
-9.435453422391712475e-02
9.109678219537189481e-01
-8.788257147084974630e-01
3.848628725250050064e-02
8.288874102265042509e-02
-4.497820044871876366e-01
6.603405352132496464e-01
8.877423427233801512e-01
1.429013496173442421e-01
-7.264357564989873950e-01
6.565423374869314710e-01
-3.940411892777364034e-01
-1.852113319261079472e-01
4.552283162663765537e-01
5.297774017451613027e-01
-3.724319085498863924e-01
-8.032771790789461352e-01
8.620195835068533707e-01
-5.033300912369013114e-01
2.702140880197823614e-01
-2.594270807714866844e-01
7.418969424530544865e-01
-6.841867178370174274e-02
5.324052403250435495e-01
2.366199629062778753e-01
8.356788824961576267e-01
1.597357137012463124e-01
9.832151202693772962e-01
-8.179145056723313711e-01
-9.170925858408172093e-01
-3.656463575015047596e-01
1.000000000000000000e+00
6.000646688399386974e-01
-3.637427606813383729e-01
8.175738196937686331e-01
2.799621737338074401e-01
5.474545354971570577e-01
-8.729035295610595990e-02
7.641500311981628268e-01
5.770852308637774986e-01
-2.904837841077308469e-01
1.949915358060194115e-01
-3.659957285738810739e-01
8.187541983424417857e-02
1.541855261979369063e-01
7.768581296069028141e-01
-7.360232271639144397e-01
-5.258721284190911449e-01
3.338418247765868596e-01
4.572741432699917730e-01
1.417757196400223352e-01
-6.526951629940486166e-01
9.001288821543580454e-01
4.477661935034481511e-01
-1.000000000000000000e+00
1.491526276196457612e-01
-1.487547622480471510e-01
1.126399416912426399e-01
3.544245425613044009e-01
-5.153417510061162332e-01
-6.087285566368254575e-01
-6.983797148669614874e-01
2.851658558037403757e-01
-8.224931423921148788e-02
1.886749683324963900e-01
3.314276811240143839e-01
-2.440924358125535765e-01
-7.068936426961870412e-01
8.930528347550709123e-01
9.904943846712612743e-01
3.086859971479010700e-01
4.264377006784771940e-01
9.159635881451542172e-01
-4.494200667889425294e-02
-6.155686677939824492e-01
2.815022819531016740e-01
3.076972567177742590e-01
9.665914304770487631e-01
8.414610812757098435e-01
-8.506359130310573446e-01
6.028538365111371089e-01
5.425192800061930942e-01
-7.125035252058387059e-02
5.577021476336245787e-01
-9.971181572262535209e-01
-7.289595427141238870e-01
9.102282360602267919e-02
-2.238771678170397017e-01
8.194024985666107375e-01
7.508679885695390688e-02
-1.539118673853387964e-01
-1.775598141413978759e-01
-6.943160918931989833e-02
-8.749906320694347261e-01
2.547156390248239699e-01
1.557523372885496471e-01
-6.990159385976708606e-01
-2.469365673083196155e-01
-8.055525045677916496e-02
2.899247152547929085e-01
6.708455090660356834e-01
-1.128461932433621751e-01
1.842438435818696263e-01
-2.789427559178785931e-01
-5.432925901943305158e-01
3.382497528299976963e-01
-7.477454710379609626e-01
-5.553116988764741357e-01
-5.886202926908471467e-01
-9.295986119242547474e-01
6.852990302610449946e-01
9.199101731363235057e-01
-1.946186931438249612e-01
-6.693640474795066186e-01
6.144439955187774860e-01
1.277876305163353210e-01
3.491081416845606689e-01
-7.158046491338385109e-02
-9.176722781307104782e-02
-8.493962671901449379e-01
-6.671768131725115403e-01
-4.713934441064286662e-02
-3.612272181189986053e-01
4.071977463882309883e-02
-7.086110321254169842e-01
-3.317656967320609662e-01
-8.694648235059616592e-01
9.970521342833778278e-02
-4.441758012057543947e-01
-6.366982630348476391e-02
3.138755541808616600e-01
-3.280175634650569494e-01
3.739407188820286221e-01
-8.797066714703379864e-01
4.314736034914876672e-01
9.025118778134889608e-01
-8.348528542731670221e-02
-5.952255955986773817e-02
-5.899848104633531598e-01
3.272299679381642790e-01
-3.254075494209082153e-01
-1.187159125153407213e-02
-1.870594922715550223e-01
8.468991612510856637e-03
-4.213731841337648443e-01
-9.795052459119002464e-02
-9.087329054003034923e-01
-2.800494622117796206e-01
9.693522581094524693e-01
-5.897510875332623304e-01
1.000000000000000000e+00
6.349722292053269213e-01
8.328064432400803518e-01
4.495187277202564724e-01
5.582360180083203449e-01
2.780538963684424658e-01
-2.829696597870137720e-01
7.084467433307191087e-01
3.052786610644986354e-01
-8.500695098629450497e-01
3.575303815138834995e-01
1.681937328919966834e-01
2.658926539966494085e-01
4.251924863743231087e-01
6.952880563391815594e-01
-5.215887913668739717e-01
2.525580322389889276e-01
3.496049997625456651e-01
-8.820785167439851859e-01
-2.626729782425938353e-01
-1.000000000000000000e+00
4.870329292697010981e-01
4.577636203405248683e-01
8.912711496870735495e-01
2.359254505723552831e-02
2.914645502995596993e-02
-5.300018153816576927e-02
-9.686671234510954021e-01
-5.398360606941003947e-01
-2.644268681168688850e-01
3.727350096789697753e-01
-8.049900646255907510e-01
3.919168110321665233e-01
9.479436331581949648e-01
8.519667775732862047e-01
-3.165828514358790535e-01
-8.338931639050781719e-01
-5.680491252801298518e-01
9.738515669348601911e-02
3.141602089603051651e-01
-4.690256152471510287e-01
4.514804232241218518e-01
4.754759805890201307e-01
4.165124845610836957e-01
1.000000000000000000e+00
4.061042971075796704e-01
3.476701717980521522e-01
-3.295131447913353107e-01
-1.580045537741384953e-01
2.842092545570112927e-02
-5.814788184907120350e-01
-7.664891261749430251e-01
-1.000000000000000000e+00
9.106084215517999958e-01
-5.570737378444932109e-01
-2.918887067703046512e-03
-1.000000000000000000e+00
3.496230781664910192e-01
5.968759519193563845e-01
-8.688417375258192799e-01
