-3.557617168201457347e-02
1.258062333348672901e-01
-1.709961497591274693e-01
-9.145870151065013109e-01
-8.007819271956008178e-01
-5.229269026537876341e-02
-8.849003779179709372e-01
-8.761679713756169718e-01
-9.518668671996944886e-01
-5.745174059003015365e-01
-6.638944692407240389e-01
-5.226142388682950557e-01
-2.422449698543876206e-01
-5.771852066034273143e-01
8.172331088588835613e-01
-1.993691466913329879e-01
6.194013699763263325e-01
-1.000000000000000000e+00
-9.572491234589945996e-01
4.240104655639661546e-01
-5.372309232574925542e-01
6.530425090131464216e-01
1.000000000000000000e+00
5.852702175068908996e-01
-3.691150290025189268e-02
-6.926277916877607299e-02
-1.931727549022686230e-01
5.217983605809004555e-01
8.449967235843270918e-01
6.093947922471458778e-01
1.218503844521314772e-01
2.267749605544052138e-01
-9.309546742948660025e-01
-2.714247611564749030e-01
-8.414831328934581078e-01
2.384623746865210947e-02
4.886958522431158469e-01
9.141657102850091476e-01
9.470761041606132191e-02
2.313374583794073069e-01
-4.395891632498045709e-01
-2.723559781691214932e-02
4.940469301963754667e-01
7.308705860100339624e-01
-1.729472989068717159e-01
4.574799553676268671e-01
-3.098106279132981644e-01
1.054996483638289961e-01
-5.250130406892641322e-01
7.993376411218457989e-01
-9.105340768433477505e-01
-3.889185121783549359e-01
-2.591472999562393076e-01
8.700510771656462250e-01
7.911530307298952902e-01
4.342004617663581811e-01
-8.650349921271111020e-01
3.110351436754339449e-01
-5.050903850166758025e-01
-5.263343639601034685e-01
5.731818181459900907e-02
-3.668568724249852142e-01
-9.946593633410421020e-01
-9.534581809215072479e-01
-1.005793490051861139e-01
4.220444844456047728e-01
1.921250564253701998e-01
7.962496252767099492e-01
3.097881532026614537e-01
-1.515992608491143478e-01
8.821817679735799445e-02
-2.873543765861077404e-01
7.203315689563816182e-01
7.817347849528011317e-02
8.880283957742918233e-01
-8.852792224766756757e-01
-6.929324669370205969e-01
-8.849606913258796226e-01
-3.011999009352865353e-01
1.204572380730385139e-01
1.098442800405328434e-01
-6.112252742117012527e-01
8.920597246549777370e-01
8.231024808845770480e-01
2.592298433713595696e-01
-1.000000000000000000e+00
-1.636917490346705140e-01
-1.415093223389571886e-01
1.633056079894884549e-01
-8.423860785400669737e-01
-1.324840329757039914e-01
-7.337669366963830431e-01
5.870298768663441136e-01
-4.945903716031958552e-01
-7.498124843909252935e-01
-5.305368650248120099e-01
-8.881945627996529202e-01
-1.230955318070503374e-01
5.181156186425222021e-01
-1.000000000000000000e+00
3.107295885464519958e-01
8.111898920984401684e-01
8.273726519084537712e-01
9.999971891014325376e-01
-2.552317964992989463e-01
8.152427207810197807e-01
-7.373891027692182076e-01
-4.547926764225467267e-01
-4.961436155635454148e-01
-4.877162006587421050e-02
1.523593347389962105e-02
-8.998716910203992114e-01
-1.000000000000000000e+00
9.120379155892144318e-01
-4.931269311173952508e-01
6.193714673737666931e-01
-3.837535364441484464e-01
2.529987929074133390e-01
-1.409427872850290697e-01
-7.565058459912471500e-01
-2.981705822560882790e-01
9.463344042879543450e-01
-1.497358137000302791e-01
9.406509311828743780e-03
7.851549752248224712e-01
-2.860564767760224170e-01
-4.779788804090955301e-01
-3.484200264674879866e-01
4.500806910601835020e-01
-1.790820830117081375e-01
-9.266177159314235023e-01
-1.000000000000000000e+00
-5.353329255109342544e-01
8.498216948334755827e-01
-9.278598655663745642e-01
-1.733057952223425180e-01
-2.994860483735124479e-01
-7.897634912864649748e-02
-7.447144119876688562e-01
-2.737701320325025556e-02
2.975320065837798733e-01
-6.482630841705061542e-01
-1.000000000000000000e+00
3.082750991415478259e-01
-2.714644042103674937e-01
8.984827161725412736e-01
-9.247077031281682180e-02
1.000000000000000000e+00
-9.163903371759586358e-01
-3.981556580711646531e-01
-1.368582883462917676e-01
4.748661899385014373e-01
6.325369361306640847e-01
-7.204109992457631284e-01
-1.055404909182313666e-01
6.263123360235469672e-01
-8.516689875044373137e-01
-2.441768107674756605e-01
5.004064605593832038e-01
4.650841557696615003e-01
-7.600809374643489047e-01
-1.625754806868723867e-01
-5.512663118240602733e-01
2.270507776549528511e-01
7.971596614211635679e-01
1.284513911165574285e-01
1.868825018968776064e-01
3.909395723408036760e-01
5.481406468572030954e-01
-5.574876182759902488e-01
9.589171883572720212e-01
5.667455627346347224e-01
6.994601887722234901e-01
2.806828625995613224e-01
-2.463220633693331552e-01
2.743304136228196244e-01
3.127290090966986513e-01
-1.154743305482845706e-01
-5.216945439743950752e-01
6.968064630861938724e-01
-2.993733050671769647e-01
-4.544233863580797728e-01
-5.795311325492624732e-02
2.457122837378415414e-01
-5.089960310749960803e-02
-1.331889069721658991e-02
-2.954519763103387042e-01
-8.959712926705944991e-01
7.668984751075406114e-01
-9.365915957494720390e-01
8.704493756888957989e-01
-6.535321009225499855e-01
-3.502008473621289752e-01
-5.515360892277195726e-01
4.844883078083503936e-01
-1.000000000000000000e+00
-7.944705545450783113e-01
7.644790605843121423e-01
7.729736557693833721e-02
5.166267421208062260e-02
8.146454554583699714e-01
6.076816242603426677e-01
9.755453326327420682e-03
2.765124116755423023e-01
-4.758634200489180177e-01
-5.882805954187464437e-01
1.000000000000000000e+00
4.981946800990045832e-01
4.175870953740120073e-01
1.707956994862314670e-01
6.829625258016422951e-01
-7.627264644280924433e-01
8.391712163867138807e-01
8.280414123124399950e-01
1.000000000000000000e+00
-9.092190925964855897e-01
-6.145546289072786883e-02
3.341010583844972182e-01
-1.000000000000000000e+00
-3.706914895241379959e-01
-2.875161845417034678e-01
-9.258921827080410782e-01
-1.181144258752674786e-02
1.953087192019615503e-01
2.517800761460296521e-01
-3.655792369737784209e-01
-7.976630718621724458e-02
-6.697347548713243892e-01
-1.571792506290980995e-02
4.637802672393520620e-01
-8.694459136627135099e-01
7.141974169587992360e-01
-3.418534181545582751e-01
3.468057912150204203e-01
4.812656434729058880e-02
1.644359794580450007e-01
-2.049507492602274383e-01
9.480744030735471783e-02
2.455913198834784872e-01
-2.997432526647273443e-01
-4.648302306212385160e-01
3.914434437305787107e-01
-5.482712306620802778e-01
2.412404507490990557e-01
1.884076728061503392e-01
-1.675284258142486493e-01
2.352751802398942993e-01
-1.252853136150799962e-01
3.864421651258489465e-01
2.576162844341848279e-01
2.411392352085076421e-03
3.306876136125486698e-01
-5.099668958758445392e-01
7.966887745939207344e-01
6.106501636317042125e-01
-1.000000000000000000e+00
1.515581178555470698e-01
6.421440269653091448e-01
4.255254705034458018e-01
-7.006648288708593464e-01
-7.398174708645153252e-01
8.442568831633910642e-02
1.000000000000000000e+00
8.198068797985347267e-01
2.445727053783455229e-01
