1.220672178075097314e-01
6.682639754096824092e-01
-1.014558992846481544e-02
1.000000000000000000e+00
-9.464182235789775355e-02
-2.220053843519242953e-01
-5.835316366843132929e-01
2.691048325635794769e-01
-5.645650169277913744e-01
5.016489189538060334e-01
2.053317183275815694e-01
-8.052246519517678447e-01
-4.955137274935785818e-01
3.017718909451514442e-01
-9.825665091678412733e-01
-2.268771512400962198e-01
2.884896646357242300e-01
9.773812387459661633e-01
8.761034213679530502e-01
8.619623571392853734e-02
-7.319207553579891723e-01
9.754840587711848254e-01
-5.390615866133299239e-01
-6.288982970786076709e-01
-5.835396084654591586e-01
-7.160416316504658596e-03
-7.767970284209948506e-01
6.512522949403418693e-01
-6.531382092403019701e-01
6.730606859149212973e-01
-9.738420785232630994e-01
-4.167940579967519543e-01
-8.510108355017430570e-01
9.392171678741090268e-01
8.744204038917025024e-01
2.913511757595057539e-01
2.422127968629902983e-02
-6.088663994403678004e-01
4.968153362609337709e-01
2.992407688592848558e-01
-7.238305657561050488e-02
-9.606154493830666441e-01
-7.998802820508461586e-01
9.746320802996950583e-01
-8.724556913991943219e-01
-4.778788327042746698e-01
8.611832044910707751e-01
4.525100051495567488e-01
-2.804034300487230347e-01
7.641559386793628228e-01
-1.000000000000000000e+00
-4.457084393538273126e-01
1.367924154203248310e-01
-9.770143194923954777e-01
-6.163046875757889342e-01
-2.916803835889623109e-01
5.333187114055897293e-01
-8.094402761284109626e-01
-9.210691393752645784e-01
9.417126190994600243e-01
6.346546171863474139e-01
6.601003726031482444e-01
-3.374550983536490634e-01
9.696698195456912028e-01
7.162039871031531391e-01
-2.035021703138679694e-01
-8.075321290117634110e-01
-8.781972159701005864e-01
4.957913463633631945e-01
-2.872585035169763490e-01
-3.845188234916936398e-01
-8.968965764422713871e-01
1.000000000000000000e+00
8.820879888947503744e-01
-8.474892840075740619e-01
-1.000000000000000000e+00
-3.507252981600601505e-01
-4.806482185787728234e-01
-4.625656649258191866e-01
-1.000000000000000000e+00
-9.316041771011391859e-01
-4.236790155841401173e-01
8.760929840464841689e-01
-6.287883554497080141e-01
-1.136175949737930624e-01
-2.036293967490332424e-04
-2.502730905648652970e-01
-1.459554350137697298e-01
-8.156425331603935902e-01
-2.537552227508739211e-01
1.886959339991742812e-01
6.129956729402173954e-01
3.467865083417984717e-01
-9.329494072341220079e-01
-6.305564100553469054e-01
-4.835286219590457790e-01
-7.357854898500131302e-01
6.969328891045902807e-01
-8.205816330896211763e-01
-1.917280477868010813e-02
4.824266919796682540e-01
-4.856551986129808984e-01
-9.996649630280924903e-01
-5.597168771728266989e-01
-2.718259497537469649e-01
-9.877840985772443627e-01
-4.610390847614456167e-01
-1.070591376698870612e-02
-5.057618341230245562e-01
-9.602153653943952261e-01
1.137109415597248319e-01
-9.290764426638984386e-01
1.376080919649870782e-01
4.387598401862580766e-01
-4.115879169594216513e-02
7.290466697010002939e-01
-4.615082909936523148e-01
-6.864176949200687661e-01
2.860050236783675537e-01
1.687218224818538559e-01
6.661751729702802827e-01
5.677766493510129076e-01
4.255401582861699783e-01
-6.246256701189458749e-01
6.995677138003184581e-01
-3.817879669359094397e-01
5.536634115215042229e-01
-4.039323982311062156e-01
1.000000000000000000e+00
1.000000000000000000e+00
-6.092507043468171624e-01
9.169102852550428118e-01
6.783311938273151043e-01
5.193197437070811162e-01
8.810313819506623290e-01
-2.178267213715707751e-01
7.040856921636196031e-01
-7.793654641418126250e-01
8.124602757928631735e-01
-8.726418578424177674e-02
-9.717249460420929186e-01
4.776389693955436222e-01
-1.743996577273041471e-01
-2.784472981357595245e-01
-6.718088722590087603e-01
-8.724761373018927735e-01
-7.958507539196999492e-01
1.494634275893149677e-01
-8.124707361120415694e-01
8.644606207173107792e-01
-4.839583462017114091e-01
-8.199503921004807072e-01
-4.535012558450581821e-01
8.485918534829455240e-01
2.599803599709309410e-01
-2.759712814740045150e-01
6.248355330375401362e-01
-1.462965508890230470e-01
-7.361792837689844493e-01
4.236971937566282875e-01
-4.724357313394069724e-01
8.978537914008126730e-01
-7.471875003350028077e-01
-8.749480593831548969e-01
7.527804220903191457e-01
-1.250348290046408017e-01
4.697507962526272784e-01
3.326878178315094137e-01
-8.303704520358854424e-01
8.243568188790924012e-01
6.033024826769984861e-01
-5.200999905278762547e-01
-5.854262153809939306e-01
3.348044124863716053e-01
-8.938716440831353527e-01
-2.032629504731638947e-01
-8.902551028518062015e-01
-1.483013324290833046e-01
7.045003329691317262e-01
-4.543554305744270660e-01
-3.716360261717812641e-01
2.265361843139357401e-01
-2.901851010360421146e-01
2.667268909541606892e-01
-5.035705981895837180e-01
-1.165504151855998316e-01
-5.855265046814963625e-01
-3.319678561439778353e-01
-4.952517361459901624e-01
8.468752838729320942e-02
-6.522287133945003923e-01
-2.711200302854733790e-01
-2.050640015620906476e-01
-7.024399947429501578e-01
5.586002605155138134e-02
-1.000000000000000000e+00
1.930014715710166584e-01
-7.034948327712764460e-02
-4.290166560727763923e-01
1.848556468633395511e-01
1.911846119297755386e-01
3.338894844789015437e-01
1.767705880238001903e-02
7.864352132005876239e-01
-4.509483793140236507e-01
-6.316172444657897067e-02
-9.710744013414691622e-01
-4.583987437332572856e-01
9.759577724486752093e-01
-7.620723138591036783e-01
-4.446068858854757000e-01
7.437747506169249956e-01
-3.830902510474072376e-01
9.549641782071527363e-01
5.238288165278440767e-01
-4.942487517210798487e-01
-2.766623017257903161e-01
-1.402714712837534738e-01
-6.105127110198255158e-02
-6.957118294067798914e-01
-4.967667490406655340e-01
-7.578075099999146413e-01
1.874900041959375319e-01
2.945215575531451302e-01
-8.586165821948776866e-02
-5.491800770796742004e-01
-6.176118516523504409e-01
-6.855197842195861480e-01
5.753089336708798740e-01
-3.922927495273252907e-01
-5.073520936330784270e-01
1.414809361628244222e-01
-5.045858607055819789e-01
2.680227313944196776e-01
-2.213160893404590990e-01
-8.785197017615509196e-02
8.002914470725397411e-01
-7.056636796165892678e-01
-3.353535364685810150e-01
-2.785256225419339149e-01
-3.801836383780943240e-01
-5.258459687932084403e-01
1.644784672089105726e-01
-7.941016190558082277e-01
-1.820005935534418917e-01
3.422899472415643629e-01
-5.000469272912539953e-01
1.523487016013680417e-03
-6.650083514648299499e-01
9.110342888955322849e-01
-8.460566065752823661e-01
5.195156552066981792e-01
-6.525596230690420274e-01
-7.645253838760168730e-01
-4.837624654992567219e-01
-3.988077428128053992e-01
3.410612231669051808e-01
4.880221803211219900e-01
-5.539291163367880966e-01
7.827881904237043997e-02
-1.844947022887337695e-01
-5.845531774970595951e-01
-1.000000000000000000e+00
4.438684589811039416e-01
2.070761417361646206e-01
