8.545245992358876386e-01
3.683538496234041171e-01
-7.695633539315038796e-02
-2.960924881066917536e-01
4.222119316143024825e-01
-6.211123825286618549e-01
5.583565496866518263e-01
-5.059414548383481813e-01
-3.490401912899220305e-01
6.282299445612068434e-01
-1.825342124304601965e-02
4.149422008996910272e-01
-7.340279243099909756e-01
-7.226832134197908042e-02
9.481985514482962341e-01
2.372073273175678843e-01
2.615555416810914635e-01
7.898822086426202649e-01
-6.517147191131373862e-01
-2.667116158839850648e-01
-7.881059043952391985e-01
1.000000000000000000e+00
-4.390634058889462121e-01
-4.919857933923445503e-01
6.791910637708014065e-01
9.116538283326812708e-01
4.697103797378451295e-01
-6.362301964596071002e-01
-6.023125663621475834e-01
4.459794739991073675e-01
-9.314544887589815136e-01
4.608560567796248231e-01
8.686427144158841429e-01
-6.288971501230025130e-01
-2.417277049317129722e-01
-3.614259119847118562e-01
4.873797329440834325e-01
4.149378788600825430e-01
-8.366262405458357865e-02
-6.889263672488601387e-01
5.239721938000163615e-02
-4.701654810108987781e-01
-2.176899629800368441e-01
4.064368901822612568e-01
7.347862547086658758e-01
-9.150805810000606222e-02
7.104929878305068502e-01
-9.660620913056847670e-01
6.357253793959789512e-01
-5.260550679319491163e-01
-4.800933504190529888e-03
3.606472858196183573e-01
-7.262291491133852084e-01
5.701215489725900420e-01
8.884920016528335962e-01
-1.000000000000000000e+00
3.301997740440862916e-01
6.118128774488964527e-01
6.061269087066767369e-02
5.338553581209722898e-01
5.834612212285810173e-01
8.681870527454508268e-01
-1.070552122789107385e-01
1.125033446347466076e-01
-3.878301817560010356e-01
3.168726351235488792e-02
1.000000000000000000e+00
-4.236500792231161494e-01
-7.720448428820975151e-01
8.408056898433724502e-01
-3.485116723345379475e-01
5.831134359417815549e-01
-3.881539432016060109e-01
-2.263944357543508090e-01
-7.363797437180923389e-01
-1.519878047730681692e-01
-4.300617373102840618e-02
-1.757935121035797965e-01
-9.912696525707391793e-01
2.501516699178174541e-02
5.298460823333538405e-01
-7.413817136546207998e-02
-6.389277396373904683e-01
-1.444798223456465192e-01
4.046440981884208421e-01
-3.913856122233614343e-01
3.035170571643686088e-02
-7.270897736144760204e-01
4.090123930915909867e-01
-3.300660658331198150e-01
-7.632891441172251490e-01
1.000000000000000000e+00
-7.479923180619666434e-01
-1.729728669975005850e-01
9.373913049162898581e-01
-5.705560514289054197e-02
-1.000000000000000000e+00
1.763957706082244226e-01
1.000000000000000000e+00
-1.141254308059043987e-01
-5.481835389236298095e-01
-1.966899737523344072e-01
-5.408396439410985135e-01
1.000000000000000000e+00
-3.265334773745473540e-01
3.179468183365122824e-01
-3.628068572330889197e-02
1.000000000000000000e+00
3.193025715778536888e-01
-1.476959456135737425e-01
1.502752690718494599e-01
3.355486585909380204e-01
2.506311743371605338e-01
-4.490637402995985017e-01
6.269307484994062207e-01
-9.367916475257069830e-01
-8.380346747718168121e-01
-5.968355116352053180e-02
5.199232278078653735e-01
8.903139121064786998e-01
1.000000000000000000e+00
4.830164984844858012e-01
6.672186203067568266e-01
-7.173353522667187399e-01
-4.902808150360526418e-01
-9.432021795687892673e-01
1.599047679817573453e-01
-2.020025927865143345e-01
-2.761317166098615772e-01
3.068832396608234259e-01
-5.300469504294859080e-01
7.967609659803661648e-01
1.287820192987830237e-01
-1.000000000000000000e+00
-3.679258114163752591e-01
3.248745616476202969e-01
-9.286772858940439690e-02
9.802948488680976458e-02
8.763140701693930001e-01
9.474858868978304205e-01
-3.394607385498853436e-01
3.501461458054703768e-01
8.642489809711795257e-01
-3.242229865493505558e-01
1.728353508335711552e-01
9.361710744473090706e-01
8.736542490424465957e-01
7.373756294168576364e-01
6.350950459670403614e-01
-1.000000000000000000e+00
-9.596376806281492478e-02
6.241430520462658560e-01
-3.626716709909134223e-02
4.454040214640542228e-01
4.583887541923403752e-01
9.285503124069307557e-01
-8.451139914117535845e-01
-2.814675178035730418e-01
1.000000000000000000e+00
-7.225258474611417903e-01
6.219608601228571176e-01
-5.116243291473383525e-01
-8.514997575955417508e-01
1.000000000000000000e+00
-9.060358581863334759e-01
8.969103589894308337e-01
-4.529778456859100966e-01
8.982138948791151822e-01
-3.728109282197508700e-01
-3.139891775290423737e-01
-4.781351722979543806e-01
-1.561438939702189388e-01
-6.681131087261580337e-01
1.713692240193804839e-01
-5.830462509365563761e-02
-8.086742324922846503e-01
3.007416648124959235e-01
8.008117290501959307e-01
5.795872084246167510e-02
-4.316655247492136027e-01
6.626107728363312965e-01
-8.751401495199986336e-01
5.285652148778291481e-01
9.688471999265317880e-01
1.613144593113423342e-01
4.594848431216270734e-01
-8.176769497070744686e-02
-1.391776034974651945e-02
6.438929136807112208e-01
-7.124887957780210446e-01
3.926841076365694683e-01
-6.893993344700268810e-01
1.828027355463619497e-01
-5.615114310838527079e-01
9.170808628026667630e-01
-3.524357566747575721e-01
2.368724466709499765e-01
-1.000000000000000000e+00
-7.288114600745478899e-01
-1.000000000000000000e+00
3.884895593986642526e-01
4.454863120406038490e-01
4.989121031134990947e-01
2.467973650235890937e-01
3.480141274958310493e-01
-2.756445403432634111e-01
6.707740386717118142e-01
5.707809677144322080e-01
5.553947483544178221e-01
-2.624895011764727393e-01
2.194982322288174525e-01
-8.524596223147271612e-01
-4.296738140520810489e-01
-7.688471492839786536e-02
-6.840384044739105107e-01
-4.752474242313016184e-01
-3.222579426374559408e-01
4.070655052505764981e-01
7.236974172127847993e-01
2.175686801214055111e-01
-3.404639036290362242e-01
-3.986062052208751982e-01
-3.607809689102428052e-01
8.328489103073126731e-01
-3.361824685694831949e-01
-2.959283307044998645e-01
4.147384028518819044e-01
1.000000000000000000e+00
-4.461169407598864489e-01
7.060759783799945843e-01
-7.841153535474059133e-01
-6.442927475927227032e-01
1.798796598450564943e-01
-7.282190580432630345e-01
-9.504164712085088063e-01
-9.669245532610179494e-02
9.461781651578218266e-01
-7.887753741842157273e-01
7.876540079142574369e-01
-5.560830068717276253e-01
-7.940869222028146268e-01
5.027174090901920245e-01
3.266848598107983670e-01
-6.877255556936301417e-01
-9.741546825215037231e-01
-1.436674994695824603e-02
4.985756108184478119e-01
1.000000000000000000e+00
-6.579919554003854643e-02
7.476915923073443881e-01
-8.054570438895461426e-02
-6.686768937039522243e-01
7.521398517097029890e-01
7.807628148783607447e-01
8.814515211116846771e-01
-1.745699974684075673e-01
3.507163413772487193e-01
-9.872976960662778190e-01
9.780044461833086178e-01
6.995105614046803755e-01
6.505778070316736716e-01
9.099997971495977778e-01
-8.908983874365616895e-03
5.307250150127602595e-01
-6.190379450526044547e-01
