5.224513443464822160e-01
-5.078352812713966130e-02
4.386246278911781205e-01
4.288238132845499928e-01
1.516594733335919765e-01
-7.274980474127322738e-01
2.152569685581252612e-01
-9.719526539597558301e-01
7.972290962996944064e-01
2.008560680646234442e-01
-8.758981356190412293e-02
2.442545160157956197e-01
8.411187957082269517e-02
1.709465871742030241e-02
4.133272447480202394e-01
-7.743967707325389860e-01
-2.736631308232110316e-01
7.020453750116960601e-01
1.320743262761718828e-01
-1.818213258161309187e-01
4.482047227561672398e-02
-7.079769281129207892e-01
-1.501368001068607294e-01
-9.018270462016294564e-01
-4.606362747093473153e-03
3.580145436080911514e-01
-2.686861584109385276e-02
5.434379750612039484e-01
3.054636542832328550e-02
-7.221799405715538800e-01
9.643142488412945745e-01
1.399204801895128636e-01
-3.448036458693025663e-01
8.199462252041198607e-01
2.414426362249992852e-01
5.919799645339901550e-01
1.000000000000000000e+00
6.426633556335086261e-01
-2.233578881525288828e-02
-3.086696922616656916e-02
8.323425523016788619e-01
6.699030882641013318e-02
-7.628354588155561444e-01
-1.482174108705457960e-01
-3.388393900252121282e-01
1.864600268173641773e-01
-7.065279957894779472e-02
-5.485029571597372922e-01
-5.088011853198293188e-01
1.657028320032491731e-01
-3.957899417549093357e-01
-1.000000000000000000e+00
9.792074560653433180e-01
6.479530655328851196e-01
2.259412326154207618e-01
9.519771065566760837e-02
9.220007019255520575e-01
-6.950803615153049453e-01
-3.089577498401258060e-01
-3.164392631817010693e-01
5.691441446508709312e-01
-4.045445166616319366e-01
4.935937390943485603e-01
-8.233680777368488357e-01
-3.692224247064416764e-01
-7.962248276137171565e-01
-4.711491241679804931e-01
-4.982174150030420634e-01
-8.795904155631086851e-01
-3.457936928205890270e-01
1.423319729095280928e-01
-9.058614203035583179e-01
-5.779636087631774277e-01
3.439462505621271871e-01
-6.781809586344333951e-01
-9.558413530498791610e-01
-1.576630771478693127e-01
-4.530007874702099424e-01
-9.749265658350496633e-01
-1.595940164426352670e-01
1.000000000000000000e+00
9.414968044753611043e-01
5.632263926771254869e-01
-7.126749805503739266e-01
-4.722751973150490223e-01
4.978082982704326032e-01
-6.618681510980303773e-02
7.111824360657019728e-01
-2.205268830182302020e-01
6.267093062400759251e-01
1.000000000000000000e+00
1.142831498274876623e-03
4.532874450785215892e-01
-1.268824325448491275e-01
9.143824507377058541e-01
1.426517294389552659e-01
-7.763753079357817999e-01
-5.412956079895617778e-01
9.135446112764945559e-01
9.646050963245211829e-01
-8.176150410919151568e-02
-8.192790097977772357e-01
1.515105167298707589e-01
6.340038825142351175e-01
-4.033109911652252855e-01
2.992740168464740336e-01
6.029510965750531915e-01
-4.235923473386661864e-01
7.626121913471018976e-01
6.513722114208857494e-01
3.018385352412035483e-02
7.941397432794239375e-01
-3.038428353617174116e-01
-4.110536328016354268e-01
-3.259004201263893674e-01
-1.968422926147548324e-01
7.801087873404626283e-01
8.898757953547387078e-01
-9.393582536946378791e-01
3.186795904532233048e-01
3.360488594902488746e-02
8.119574192557870163e-01
-1.759813423348688399e-02
-1.360411761894931570e-01
2.200606432175835070e-01
-1.000000000000000000e+00
1.795158088444721578e-01
1.000000000000000000e+00
-7.576199616889883748e-02
-7.362874692142801214e-01
-9.879983349270415882e-02
-8.009925948724742062e-01
8.689787773996174303e-02
9.701994694618386594e-01
3.022453311181159952e-02
-4.314043065626514406e-01
-1.991937783080764135e-01
-7.690182924013129195e-01
4.108103387257597272e-01
-5.572441512170231981e-01
-6.294194703248319200e-01
-3.109966665793725271e-01
-6.391491847282020355e-01
3.786423929307994873e-01
9.642494580202600751e-01
8.594432856883491567e-01
-3.096706458999305411e-01
6.701971759709761667e-01
-2.929917869821039855e-01
3.413085199808266745e-01
6.831876934568898996e-01
6.219290209365662125e-01
9.208835370380539231e-01
-2.949516951228158823e-01
-2.308344770960820136e-01
5.231623481854288382e-01
-3.530860046191253154e-01
-5.906168287523645699e-02
-5.233160432173686871e-01
-4.991278349666660175e-01
1.000000000000000000e+00
4.647787621261550983e-01
1.000000000000000000e+00
-9.190605439771143415e-02
-5.181307490979611963e-01
5.461388610061737037e-01
-2.449061563974206102e-01
-3.101136078528548001e-01
1.000000000000000000e+00
4.119035910977044690e-01
8.907516983052654602e-01
3.678295229735956684e-01
5.844398052202530724e-01
-7.327598160334406474e-01
-8.194298564966067122e-01
1.000000000000000000e+00
-1.951810718635084430e-01
2.516722549035691481e-01
9.882266821654783762e-01
7.912838938467317007e-01
-6.396469753631843780e-01
-6.834603886305066212e-01
-5.522623559692645401e-01
5.771287817108347040e-01
5.357824112409723671e-01
-2.246269720326337094e-01
1.000000000000000000e+00
-1.896618743124267592e-01
6.861314635570449072e-01
1.000000000000000000e+00
6.863517837809778310e-01
3.494166459034159233e-01
7.792139837002598490e-02
-7.228006435861861201e-01
-1.109087026944344939e-01
6.972773176023555619e-01
8.157760954973470868e-01
-2.786558257298499264e-01
-9.871379279599126200e-01
-2.978227361655214622e-01
-9.991362498880276277e-01
-2.844339883427576821e-01
9.584875520550156791e-01
1.000000000000000000e+00
1.000000000000000000e+00
2.537389961781620906e-01
-7.812145925667810520e-01
-4.222090971115467495e-01
3.970775802130832588e-02
-2.887021154384411536e-03
8.490625853606003082e-01
-4.077605129223565994e-01
-8.222305366952286088e-01
8.596057179633542766e-02
-7.508195406522065740e-01
-9.620656924642883023e-01
-2.364289817620264245e-01
3.784587996429599199e-01
7.480135928745238472e-01
6.113151196617864214e-01
-8.520768053729963487e-01
-8.385503597088405092e-01
-5.953212218584028603e-01
7.392033988991311144e-01
-9.203293054797744288e-01
-3.654256518621628036e-01
7.530830405499145952e-01
3.241719438252263497e-01
-4.929931108850311716e-01
-2.848221480961427576e-01
2.747777621421417793e-01
1.958072600434371952e-02
9.588199314296838582e-02
9.802402008721430304e-01
6.817745972638969976e-01
7.107444348375014931e-01
8.609974477406816540e-01
7.610493104522644270e-01
1.889681382496073703e-01
-8.496376446028789386e-01
-9.791730442080253116e-01
1.022309875316678579e-02
9.534441724693192288e-01
-5.848624270013391691e-01
-7.569017779819228742e-02
2.180829713050730090e-01
8.401905526025282844e-01
-2.686562504559212305e-01
4.811451116297684183e-01
-5.334634945166276676e-01
6.466000782724934393e-01
-6.982580670761651120e-02
4.672027857353985292e-01
6.816721422778151407e-01
-4.487018937637767824e-01
1.000000000000000000e+00
1.000000000000000000e+00
-3.651713409811512684e-02
-3.451868861247450182e-01
1.473889522551403986e-01
-9.008105680938189863e-01
-1.000000000000000000e+00
-5.339622406207327199e-01
8.188228397592747232e-01
9.948348757377094564e-01
