-1.785427189536996084e-01
4.650269665772122640e-01
-7.599231126288338301e-01
-4.278916496225808608e-01
5.016150225709505861e-01
2.263968934663659893e-01
-1.015045055055654455e-01
-6.348642662350569843e-01
-4.571031543125310126e-01
-8.263345763172975644e-01
-6.271330319721921676e-01
5.074526364312836879e-01
8.020289410717226231e-01
7.355109846865632850e-01
-2.054160326940018821e-01
-1.755828560386771819e-01
4.591785665430113683e-01
3.117635030225751613e-01
-1.950499973293021716e-01
2.039572731325315358e-01
6.048834144998651574e-01
-7.084752335291233383e-01
7.284325320734972298e-01
7.948600877915603657e-01
-4.649676198618604150e-01
-2.976740590240419815e-01
-5.614463888372549505e-01
-2.521916024434096570e-01
1.129423540824721073e-01
5.312533036674824682e-01
-4.997333994880490682e-01
5.282898784234528744e-01
-9.628489923410945561e-01
8.630535832185615153e-01
-4.451327045670498972e-01
-3.870297573147674086e-01
-2.645250117599986517e-01
3.045774513705892250e-01
-3.344557668095555214e-01
4.687554489017647930e-01
-3.387495049607722741e-01
-5.972293348143744782e-03
3.391563621096826964e-03
-4.396429332062010698e-01
1.373381407789078246e-01
-9.595527633597373818e-01
-2.364586266977218021e-01
-7.949588493637052000e-01
-8.009189066532387269e-01
7.621365115215876784e-01
-8.377402319166731004e-02
-7.802164731989780222e-02
5.535879117785819092e-01
6.298810007864457106e-01
5.603212709509648448e-01
-1.514161635213680523e-01
1.588181314482595696e-01
7.727175603574670815e-01
8.229233030542915106e-01
-9.420573982238180655e-01
9.599599324846155302e-01
-2.752383134921736474e-01
6.106890361367750542e-02
2.039699434267885358e-01
9.812296424660265082e-01
-5.532122254916505000e-01
-7.630757579545597302e-01
-5.412211724136285484e-01
1.157997853244829844e-01
6.692737024547444902e-01
-1.636004140030386522e-03
8.481670804596593838e-01
-1.322073386423763264e-01
-1.795937018555937570e-01
-6.872070945685455623e-01
1.411598310079733021e-01
-9.242456511405294783e-02
-3.141358267627802903e-01
2.423024879096805084e-01
8.153075677957932754e-01
2.275771228214258368e-01
2.250877835212895250e-01
-4.260443727412359660e-01
-1.371657529719450541e-01
-2.995935076808828867e-01
-1.822655415562612624e-01
1.000000000000000000e+00
-6.278444234436011406e-01
3.885529583234276774e-01
3.992800265125919790e-01
8.346394095440804461e-01
-9.642135811550203162e-01
-7.358132941804580440e-01
-1.598813831576324507e-01
1.000000000000000000e+00
4.347317605051366773e-01
-6.955854627211693897e-01
-7.806465630405046152e-01
-5.511116822125021741e-01
4.124205209285217166e-01
7.574000845738493304e-01
2.311568080877091091e-02
7.095037503923887767e-01
-1.568244177620390922e-01
-2.460611633287841382e-01
8.097634408216816126e-01
-2.258706956324536830e-01
9.241643705851319002e-01
3.960198799724150009e-01
-3.858574624012143239e-01
1.432629606351313312e-01
-5.841171442061497965e-01
6.513667934455567021e-01
3.341706146510173836e-01
-3.917576075979631312e-01
-8.674067888457044351e-01
-2.080986759021530852e-01
-8.520217025968900293e-01
3.521153853524958688e-01
-9.688631670295375642e-01
-9.787517587087646298e-01
9.607122411238222526e-01
6.615618281717949856e-02
-3.005780853133913633e-01
-5.369991211229327432e-02
-5.295512397961044115e-01
-4.057316328110536219e-01
-6.066363335726288053e-01
8.375449949284722306e-01
1.000000000000000000e+00
-8.161239576476915225e-01
5.538224670316613807e-01
2.983649972119798988e-01
7.844558194784965188e-01
5.624433870551344139e-01
-4.058463695222203071e-02
6.519673692965577416e-02
-5.996637792865467942e-01
-3.178413718080041472e-01
5.487124313686282395e-01
4.436853574310391929e-02
3.186527744429491493e-01
-5.777336470067805374e-01
2.894768716102718020e-01
8.080109036905895881e-01
2.561406484192386701e-01
-4.107412637875496042e-01
4.431486664670897802e-01
-8.514361490592627923e-01
1.211501094100375653e-02
5.723259923704602237e-01
-8.143946894285538640e-01
-8.699562182041689073e-01
-5.652777611362092003e-01
5.727842235962823381e-01
8.179066438762792879e-02
7.817701918286235063e-02
-4.312990112491042471e-01
8.922059165870562802e-01
-8.719843594668832409e-01
-1.125595263458398776e-01
2.779359500401243355e-01
1.832797299089267973e-01
3.460892197356206790e-01
3.202375979186174171e-02
5.990513191468394005e-01
-1.000000000000000000e+00
-6.430300486572129715e-02
4.049680060862490549e-01
2.795828787333927146e-01
-7.485245426932438106e-02
-7.146840954182516192e-01
-8.180697346994946217e-01
-8.507577043414669138e-01
-1.929492638368413004e-02
2.509100959177779089e-03
-3.688794051679438191e-01
8.282943015848551749e-01
-5.767804300852574784e-02
-8.486351625452631664e-02
4.267626799277609018e-01
-1.465177501413656991e-01
7.303822076181992751e-01
-3.273484248614890735e-01
-9.933570088358878447e-03
-6.775749474438514941e-01
-9.002379491406291567e-01
8.696454004417675243e-02
1.818115565809375056e-01
-8.767865255224021048e-01
7.365220884377432498e-01
-1.363201944796836873e-01
4.189554465611426970e-01
-4.777202091349925794e-01
-4.617233737869938515e-02
3.167945855404430411e-01
1.093038805074325048e-01
-5.878680932216733268e-01
5.094562294613724784e-01
6.389955371859390443e-01
-4.393416971528575354e-01
2.627344181048057448e-01
8.264630159334522830e-01
-2.368652611632842131e-01
-2.283236059480295843e-01
-4.997667604713353362e-01
-2.928632030113709206e-01
-7.331316301657956336e-01
-5.092591851721488955e-02
5.465384881960397845e-01
3.668583171678561072e-01
-3.171490133484076157e-01
1.232598329591374497e-01
-5.351080152159088943e-01
-2.610005706886451282e-01
-8.743126204162561255e-01
-1.324583132780823291e-01
-6.984276144457213231e-01
-5.729991427819718375e-01
8.451352432564893657e-01
-4.433866347886552539e-01
-7.090367254590488333e-01
6.949858393358365749e-01
7.693333676399072285e-01
-9.952502559775101565e-01
-7.112046424049074389e-01
-7.694923913836315688e-01
9.272478976853222310e-01
-5.444328362981245562e-01
4.034105225302032638e-01
1.776447809671107825e-01
-9.501501590642009720e-01
5.283334815567825027e-01
8.860370127701822085e-02
-8.215398820485431131e-02
3.198325891385792041e-01
7.549532789064760108e-01
-5.905416555956555236e-01
7.685591927045958283e-01
-1.226261734052975783e-01
-6.355347236806725419e-01
-8.921635911618099879e-01
-3.927610778212820009e-01
5.055060490212621716e-01
-1.287199593378030027e-01
-1.000000000000000000e+00
6.917427780334387544e-01
-4.455840662878921554e-01
-3.884738774989630605e-01
-9.262337311836965625e-02
2.386145903296110760e-03
6.587625195852827575e-01
-2.995128629398542408e-01
-1.509205611035330519e-01
6.570739055273695506e-01
-3.193353037539001793e-01
8.695983846281007956e-01
-5.172067776418536322e-01
-2.138640480505944463e-01
-1.960575291261568154e-02
3.186727359379156188e-01
3.113207164116309489e-01
-1.004126029056533476e-01
6.517565668704112802e-01
1.337259150133772168e-01
