5.079327318072868191e-01
-6.128910657654206284e-01
7.136671315322942188e-01
4.353669146369089082e-01
2.209382448608115390e-01
1.000000000000000000e+00
1.204574508081648343e-01
3.397838103198046467e-01
-9.317930936550125054e-01
9.675541317520899298e-01
-4.981083500095713212e-01
-7.355667510367961404e-01
-3.488595179290654436e-01
5.463049615047970153e-01
7.591566715798465648e-01
-1.858316124295420757e-01
-6.872811125557374279e-01
-3.971285853512167285e-02
2.576432132196753155e-01
3.322078756866845284e-01
6.314260652183970590e-01
1.197898519379001908e-01
-8.077640976006428275e-01
-1.000000000000000000e+00
8.512794759669901623e-01
8.347541279288457350e-01
5.344639089005901456e-01
-4.734710311518453563e-01
2.597221505516560947e-01
3.786402509124563442e-01
-5.801605975554007255e-01
-2.408575439104971849e-01
2.315586497797542109e-01
-7.290988040340968812e-01
2.955275648661301879e-01
-5.639595625387108235e-01
-7.381657019587508639e-01
-8.025640545167129769e-01
-6.421593546833368471e-01
1.197443177988950780e-02
-6.405630890078122253e-01
1.000000000000000000e+00
9.940307347289623063e-02
6.211559390624449284e-01
1.180355332785830297e-01
-5.463977808895567057e-01
-3.863660952153825656e-01
3.636086651489371657e-02
-1.855127380348311206e-01
-5.982757736318256025e-02
3.823044404169632093e-01
9.922170692703011774e-01
3.073451983091524120e-01
5.698522311021643194e-01
3.438221918597895721e-01
5.254921165205937716e-02
-6.319343476737384613e-01
5.927450386062708132e-01
-3.456323019655149764e-01
-1.880983126873191635e-01
-2.357568588247661023e-01
-7.855415320248265720e-02
-4.505162549151794926e-01
5.962725911066191209e-01
4.056934880176440439e-01
-5.951482330341600901e-01
8.845570445167161289e-02
4.024523457650587832e-01
5.065942848047011449e-01
3.041603547743456648e-01
4.477373829497316438e-01
4.582121127332655641e-02
-6.867763726675069069e-01
-6.885657339411168643e-01
-2.829402718832076946e-01
4.876691295058760423e-01
4.776465044793057890e-01
-2.097582255412426822e-01
3.082132403074631100e-01
2.436664294569227951e-01
-5.778746300479282727e-01
5.747579551745125581e-01
9.081652807176511244e-01
8.554268176943687907e-01
2.312541165153326195e-01
-9.026685341363954729e-01
3.238322642314859223e-01
-7.412234592779599618e-01
-7.656889113851841344e-01
1.133695020620398286e-02
4.953239960015262677e-01
-2.668475366607709343e-01
2.148221522256928695e-01
-8.528680687243854752e-01
7.980061779495217777e-01
3.795224068545790530e-01
3.077711238065257704e-01
3.369615643836714192e-01
8.112007630387950696e-01
1.000000000000000000e+00
8.725306375553425475e-01
-1.000000000000000000e+00
8.107776423141896949e-01
-1.841872209601773114e-01
8.064325307876514248e-01
7.316831249259574399e-01
-7.322710538228183186e-02
-4.467121160144624792e-01
9.253383479803162226e-01
-1.580434385424234756e-01
-5.989614459694880821e-01
-1.856743470310303623e-01
8.030252473329058116e-01
-6.808370905829466135e-01
5.613698562430724515e-01
-3.793658174723973930e-01
-1.000000000000000000e+00
9.512425212104094197e-01
-5.358583112643311441e-01
-6.781813558837057609e-01
-7.159820704516677292e-01
7.937522012601614385e-01
3.106915474191792037e-01
2.362058098050136279e-01
6.439983209484618776e-01
9.122195266314871986e-01
-2.890221109812471934e-01
-3.884336617064890751e-01
-1.499145758484442537e-01
8.859599230642323242e-02
-8.488020939699464362e-01
-2.311556506478406048e-01
-4.028010899061629235e-01
6.144542341865861790e-01
-6.244251797561148898e-01
-4.069225356613832556e-01
7.942815109348906333e-01
8.841503213345724976e-01
3.759730125623689245e-01
-5.049839025124057690e-01
2.351432328319955356e-01
4.033082216536172382e-01
-1.784862442559465023e-01
4.327254850095024752e-01
9.315704864958266329e-01
1.889026046767033062e-01
2.267556264141425970e-01
9.836195851064084561e-01
-6.588814376297125186e-01
-1.000000000000000000e+00
3.686023250277774554e-01
-6.460003971773200515e-01
3.627075099117799128e-01
-1.871689041577921930e-01
-1.944844914769548738e-01
4.735373492983099286e-01
1.626847776916281463e-01
-5.966583050736640192e-01
9.830156617643320827e-01
6.980391575161919437e-01
7.733111993351660107e-01
5.697352473171584109e-01
4.070237565611778408e-01
5.106633232219477403e-01
-1.000000000000000000e+00
-4.700717337854654065e-01
6.111031562196888034e-01
-1.000000000000000000e+00
-1.000000000000000000e+00
-1.598714127793491313e-01
-2.917984048441155664e-01
-4.920931200321106425e-01
4.155222662518034404e-01
-7.829031254551820362e-01
-8.437861675538320672e-01
-1.179418983975548674e-01
-3.894381781911543938e-01
-4.045246561294671417e-01
-8.184212248418033520e-01
-4.337503835528973006e-01
4.628257781217598454e-02
-5.880819452534313818e-02
-8.719136727746327198e-01
4.971337813404699268e-01
5.480385351917529402e-01
5.940408245715881469e-02
-6.437700924794644841e-01
1.970962905676355570e-01
7.342909645797390805e-01
-4.158022507409283031e-01
-5.923789121369817945e-01
-9.255204063089914612e-01
8.700389649791007152e-02
3.482742187592712257e-01
6.111510520531804325e-01
-8.036780847826091589e-01
-1.000000000000000000e+00
-1.205786826926726896e-01
-1.400394006268448344e-01
-7.196280990124230836e-01
6.554615627253179699e-01
-6.175813003514598609e-01
-3.405173235285499089e-01
2.561413518216093532e-03
9.799729021076825086e-01
3.094656296944582330e-01
-7.854067553813974811e-01
-1.765991754304581107e-01
7.835504433841440353e-01
-7.134665202578964749e-01
-1.000000000000000000e+00
3.674309439260481369e-02
4.544582127896152901e-01
9.376366728896059488e-01
-7.252034632107956513e-01
1.000000000000000000e+00
-9.845733189430125876e-01
3.490820321781620827e-01
2.423657239120260293e-02
4.575505441571226656e-02
1.000000000000000000e+00
8.661395860261040802e-01
9.854101654565012858e-01
7.859580591124071258e-01
-5.175684811470976365e-01
-1.000000000000000000e+00
4.643389319972123230e-01
1.079157095274283495e-01
4.414324731554982728e-01
-9.716809625910275416e-01
1.454567220125791149e-01
-4.509003907984344695e-01
4.220181604824778665e-01
6.696034571433235882e-01
9.210286942918114450e-01
6.616350392142508197e-01
4.393228376658697143e-01
-7.432096040945938009e-01
9.244400113293835819e-01
9.240190752317761769e-01
-8.367632793832073812e-01
4.999634753878895443e-01
3.416746056472768078e-01
4.938393327871610783e-01
-8.760930510863504939e-01
-2.949558461461768144e-02
-4.878653836482005346e-04
1.000000000000000000e+00
-7.243985774581390702e-01
-5.535405278954528274e-01
9.455160537778530827e-01
-6.574574295552508829e-01
6.389263800689235495e-01
-1.751302214415878800e-01
3.379428132098517001e-01
2.616986029164137806e-01
-4.168546121843672569e-01
1.976855092731767960e-01
-7.502580648930312623e-01
-1.000000000000000000e+00
8.279194240004466021e-01
7.001828215132233080e-01
2.131347630789312275e-01
-6.228727264907379935e-01
1.000000000000000000e+00
