1.354917415522687296e-01
1.000000000000000000e+00
-1.000000000000000000e+00
7.454301225271731113e-02
-3.442029406067865782e-01
-4.774048864283104709e-01
-3.766636780170465326e-01
-9.979768178503303222e-01
3.118513538435578880e-01
-6.969087757688661178e-01
-2.016607533601177948e-02
-1.027479672530722810e-01
2.467124526703960152e-01
1.643711305033169756e-01
-1.657580311756341462e-01
3.132060538027889862e-01
-1.000000000000000000e+00
-3.411836178879337211e-01
9.893696432083931569e-01
6.684317866269856578e-01
-2.751534414688503460e-01
-4.924530762231291714e-01
-6.893550337074783041e-02
-7.908620049456600576e-01
1.000000000000000000e+00
1.000000000000000000e+00
-1.645142764873468444e-01
6.971451392802761049e-01
-1.000000000000000000e+00
-3.678778406904064657e-01
1.073401286491983964e-01
-2.145333982019674846e-01
3.964068585123440291e-01
5.206488703272598162e-01
-5.744072365436792005e-01
-1.000000000000000000e+00
4.158895853901010131e-01
2.786353243640196098e-01
7.629061491540629625e-01
1.000000000000000000e+00
3.081909281183459193e-02
7.513392695182008474e-01
4.380124976780737089e-01
-8.620403205303512895e-01
3.121727577379831420e-01
-1.949300084510076705e-02
-1.472817740659544405e-01
-3.049318819645263634e-01
-2.182095076473618001e-01
-3.446218864277390548e-01
6.711987705480013666e-01
-1.526329812881797032e-01
-9.496370964887007604e-01
1.932289506812394364e-01
-5.147509929994562583e-01
1.000000000000000000e+00
7.340349232247446176e-01
2.199923828912364598e-02
9.540049430294295085e-01
3.067578482833386300e-01
5.787114863689275523e-01
1.403682865326836282e-01
6.234060650355355282e-01
-1.000000000000000000e+00
-5.320436196343150126e-01
-5.842663512761960831e-01
8.661286181245977378e-01
-5.647227871858612192e-01
3.054530332935941894e-01
-4.911848447017930219e-02
-5.373539537186351467e-01
1.000000000000000000e+00
-4.908309304184939048e-01
-4.644170237623118647e-02
-1.374279126820103780e-01
7.836076113793919440e-01
-6.553918647758443239e-01
-3.823681610200793113e-01
-8.281187639385203525e-01
3.032172992054953387e-01
-5.366714439160000794e-01
-6.283886534828424519e-01
1.021201688291873549e-01
-1.000000000000000000e+00
-5.499572207768583798e-01
-9.323058425317898301e-01
2.073306749767942492e-01
-1.000000000000000000e+00
-1.979984737095228098e-01
-9.826337679124181879e-01
-2.316289451139905697e-01
7.939534138647907913e-01
2.687845021985904581e-01
-6.662553285397674330e-01
1.000000000000000000e+00
3.031218842572590555e-01
-5.546819102446964855e-01
1.000000000000000000e+00
-5.204799807166171632e-01
1.434284904253746440e-01
8.254905463446113867e-01
-1.000000000000000000e+00
4.145070818265909063e-01
2.207607802580771050e-01
-6.995438332282719607e-01
-2.483840016955198848e-01
-2.609379684947762401e-01
1.906984925835881750e-01
-5.087949224659583658e-01
3.960278327326801628e-01
-2.235227733407058048e-01
-9.479655377559048635e-02
2.935719681379784229e-01
-3.981283377941491342e-01
5.367476547781921958e-01
-8.097270253245345550e-01
1.000000000000000000e+00
9.014610837572341051e-01
-8.617224991347672836e-01
6.316590949441529546e-01
1.000000000000000000e+00
-1.000000000000000000e+00
8.465222620501204887e-01
2.626016542578421542e-02
1.000000000000000000e+00
-1.000000000000000000e+00
1.000000000000000000e+00
-4.462884201616716950e-01
-9.861960951885748727e-01
-5.708898326118492239e-01
-7.021927063189910001e-01
-3.369023224220069057e-01
-5.403143153843948943e-01
4.153827567117664987e-01
-8.640755306797576196e-02
3.288599565717571505e-01
-1.000000000000000000e+00
-1.000000000000000000e+00
9.374017814513326829e-01
1.991724418427871512e-01
1.000000000000000000e+00
-9.866587185298705265e-01
-6.601983507518549565e-02
9.968957586108992963e-01
1.000000000000000000e+00
-2.453247346469100143e-01
9.784874437413759729e-01
-1.289541810989118797e-01
1.000000000000000000e+00
1.746775153797635038e-01
-5.530159610999784148e-01
-1.000000000000000000e+00
-1.413700195179118380e-02
2.026907889512120087e-01
7.682439739343722707e-01
2.126110170262058841e-01
-6.260818171331488102e-01
1.000000000000000000e+00
-4.353421536754162879e-01
7.702577239837049561e-01
7.213242350312234485e-01
5.698251509959884054e-02
-2.292203833843480254e-01
2.409584936781492548e-01
4.172635796482468962e-01
-9.678482109907917685e-01
-3.942308650237524859e-01
-9.864011725341954584e-01
-1.862802389001238235e-01
1.000000000000000000e+00
4.459010552667733718e-01
-6.839410954383273733e-01
1.358498143292274918e-02
3.575934309156716395e-01
1.039648101954190884e-01
-6.800522792035413877e-01
-2.537494145039669302e-01
6.044326317078786426e-01
-7.095239927774665833e-02
6.168075403262824885e-01
-1.559311758012735805e-01
-1.831515269155454817e-01
1.000000000000000000e+00
-1.959842245046905518e-02
9.159906597634442926e-01
-9.535428079288854608e-01
6.702433082363687955e-01
-1.406535275107429483e-01
4.041273448300704008e-01
4.533886558964015379e-01
-2.569862722007529854e-01
6.690892458426314082e-01
-9.151246161011148406e-01
8.657063018138640986e-01
-5.437163593760119956e-02
5.670700600312432726e-01
1.663642755936470818e-01
-5.377069673394676563e-01
-5.409890819630510661e-01
1.782466322355895638e-01
-1.000000000000000000e+00
-7.513512545115215158e-01
-2.972985792645965186e-01
1.000000000000000000e+00
-1.000000000000000000e+00
-9.357258503430372354e-01
-7.894722224191230708e-01
6.678995910262692792e-01
-5.504351635067594728e-01
-9.063006755186182595e-01
-8.136069427370269391e-01
-4.236951122412502824e-01
-3.108390337650454027e-01
-2.448655022717889373e-01
6.116040687928900876e-01
-8.479866326324025927e-03
-3.837950301326525926e-01
1.000000000000000000e+00
-5.149163735670780895e-02
-8.492579580325518851e-01
1.000000000000000000e+00
9.646793747900707094e-01
4.565360602727359662e-01
-9.234150194962141844e-01
-1.000000000000000000e+00
1.000000000000000000e+00
-6.594991780290797578e-01
4.000661952574464664e-01
7.464940619165301161e-01
-7.246838985827817048e-01
-9.927337773362726603e-01
-7.600901303053617664e-01
1.000000000000000000e+00
5.801029646970774500e-01
-3.188090312941340709e-01
8.648984966435069310e-03
1.000000000000000000e+00
2.213248359136026355e-01
-9.683407646696091664e-01
-8.093980421833417704e-01
2.850976234684587940e-01
1.009836291719068413e-01
7.286830791595149126e-01
6.721443140509519854e-01
-4.936554622088187294e-01
5.015881836973723473e-02
-1.674901388757032983e-02
4.324635185789493796e-01
1.000000000000000000e+00
-1.000000000000000000e+00
2.502234016556754703e-01
-5.680878717763485630e-01
-1.177303117939128008e-01
-7.830558864215915182e-01
-4.547786923384548596e-01
-1.737369190911917105e-01
-3.555221199651033559e-01
5.119002938385812662e-01
8.279263210458718270e-01
-5.080601427085968957e-01
-4.430360002181513712e-01
4.172064861807811553e-01
3.551247943536950946e-01
1.000000000000000000e+00
-8.285913372408322264e-01
