-2.262356798603172847e-01
-5.856147583158572978e-01
8.139839190546256376e-01
-4.430174410505305360e-01
-1.000000000000000000e+00
5.779311565355789160e-01
5.180299228644180687e-02
5.137136547374132611e-01
-7.330395558105866627e-01
3.557730608332714262e-01
-9.894576091921492011e-01
-1.000000000000000000e+00
-3.422407907007640748e-01
3.598362788927853551e-01
5.522503709318791199e-01
-1.000000000000000000e+00
3.159666647452803456e-01
-8.994567877539070277e-01
9.866283474260804098e-01
-1.590188000228924814e-01
7.069480590222965155e-01
-1.461486764681057746e-02
3.744262977508165391e-01
-7.146284512951466272e-01
-4.089631406397181701e-02
-1.000000000000000000e+00
-1.579730987773155793e-01
-2.268824679795821975e-01
-1.000000000000000000e+00
-4.139936078070765024e-01
1.049895722476514859e-01
2.230091942917586390e-02
2.154310000188896512e-01
-2.687781511311153615e-01
8.853407001987778635e-01
1.000000000000000000e+00
-9.168981954846202598e-01
1.000000000000000000e+00
3.166889970453499181e-01
5.587559100041918914e-01
-8.923501600089995822e-01
8.226672477643237613e-02
-1.589462375615573464e-01
1.000000000000000000e+00
3.053391500671500669e-01
3.838130748686188198e-01
-4.779866123932563493e-02
8.951784419843389351e-02
-9.762548761903131478e-01
-2.619220908218398147e-01
-5.645798795248855306e-01
8.379981319760170244e-01
3.040202206617650393e-01
8.976118024656364325e-01
-5.461120544427697787e-01
-2.504754597493952240e-01
1.754835277921644732e-01
5.560325840326079128e-01
-8.237418333596369102e-01
-2.797780931666327131e-02
-8.560105167328815323e-01
4.257595006661969439e-01
9.030502828115845038e-01
-6.756617427699211920e-01
9.279369976980906820e-01
5.817948424022327814e-01
-2.454695940995078596e-01
-7.244526512738165280e-01
-7.176207584438567544e-01
8.767777882216001295e-01
-6.951579681640132069e-01
-8.218708474840716871e-01
4.240469532395912955e-01
-4.905977261417093782e-01
6.067035428249265561e-01
6.827006419796892711e-01
-8.708901414415313180e-01
2.388586906766536622e-01
-9.878113531089079968e-01
7.527506814388778000e-01
-1.000000000000000000e+00
-1.000000000000000000e+00
1.000000000000000000e+00
-6.543468848850682029e-01
-5.760474837489537592e-01
-7.989352553795470158e-01
7.790509091760244864e-01
5.871117296771199978e-01
9.218506338651666354e-02
5.638221133268317420e-01
-5.625234444615787588e-01
-3.642467513616764463e-01
9.927433293057075225e-01
4.974606455144621742e-01
-7.971221197806865888e-01
4.884651104749195838e-01
-3.008199008062706348e-01
4.566002040524870242e-01
8.597163855710434621e-01
1.000000000000000000e+00
-3.070605415907223801e-01
-2.397379116226559803e-01
9.504580709256316151e-01
8.872006344702707548e-01
3.545226112765149651e-01
-6.071896264061935611e-01
2.438676242444581810e-02
-3.472043462458451746e-01
-2.421094882026850748e-01
-8.830487701294413849e-01
-7.536615816683175373e-01
1.795462656821689151e-02
-8.121938091133453774e-01
-4.897938195662576710e-02
-6.470181119411673454e-03
-9.999911875328644228e-01
-1.853312667518000056e-01
9.873858149325416278e-01
-7.418401728002621542e-01
-4.025266257368054212e-02
-2.295584883704240853e-01
-1.000000000000000000e+00
6.219446905008108040e-02
-1.539301839193345511e-01
-3.013814052460039861e-03
5.394526008930631278e-01
8.304118483475588786e-01
7.413107814828054920e-01
1.000000000000000000e+00
3.030577823383674430e-01
-8.228394824527411888e-01
-2.613055416967642319e-01
1.705181749017699033e-01
1.000000000000000000e+00
9.733386694083792090e-01
-1.000000000000000000e+00
3.573067530886826493e-01
-3.712835839138055594e-01
4.520621272471114782e-01
-4.138783470902941408e-01
8.593472950483276307e-01
4.520987636428936973e-01
4.325587982953236210e-01
4.029014681650080476e-01
1.467225466318848870e-01
-5.063783657777227720e-01
7.078738849804913080e-01
4.720378471085429073e-02
3.206097802126917085e-01
-1.000000000000000000e+00
-7.216669693378794381e-01
4.521463372666773006e-01
-2.287503274744271398e-01
-6.533025799736513761e-01
-5.911403979177289880e-01
1.379992187164527095e-01
-8.841249323559601248e-01
-2.699764961307278277e-01
-3.290731086563407626e-01
8.843018065266423644e-01
1.124706562841040203e-01
-4.050318584495677943e-01
-7.556493169358163842e-01
4.737335835701184106e-01
5.987675361302129406e-01
-9.169247931989934486e-01
-7.793927889366671913e-01
-1.000000000000000000e+00
9.155764867525246764e-01
-7.036731425973512533e-01
-9.735083502403783784e-03
4.625787616750642872e-01
-7.753324419731726369e-01
-8.043522483448906080e-01
-2.111779219134373164e-01
-6.820676783433448076e-01
-1.685217857581273737e-01
1.000000000000000000e+00
-1.000000000000000000e+00
-4.320035855518113976e-01
1.000000000000000000e+00
8.018591762546952717e-01
9.360021978834467404e-01
1.000000000000000000e+00
-3.541360828156290275e-01
-4.606308149569202648e-01
-3.780364078009081918e-01
-3.680917687987739217e-01
-2.692242901195268656e-01
-3.663434967420280408e-01
6.694033381770696511e-01
-5.233485809323687454e-02
8.071656366761206236e-01
-9.880819438758239315e-01
-3.960505563520000383e-01
3.773352560645844012e-01
9.945795210514007945e-01
-7.917828766423105069e-01
-6.913830513370931019e-01
-1.000000000000000000e+00
5.486994705336027955e-01
-9.279407886655923754e-01
-2.776495438233250734e-01
-7.457226589813430451e-01
1.000000000000000000e+00
9.600564167399512350e-01
3.460392917485275444e-01
-8.067201670630828048e-01
-4.419585188646015794e-01
1.000000000000000000e+00
-7.048689270160442000e-01
-4.677279487097534272e-01
2.455869949844806388e-01
9.523519549839494225e-01
-2.404208776252596547e-01
7.187879504982270795e-01
9.768161860046947753e-03
-1.000000000000000000e+00
8.750906994949878559e-01
-6.548884924511568784e-01
-6.223442448252751724e-01
-6.937761776523609925e-02
6.830363683055740154e-01
1.991262570610377036e-01
-5.101945639650622422e-01
8.001980114272799760e-01
7.967272583512940987e-01
6.649977102441395616e-01
8.391959544002243199e-01
6.735921751387354828e-01
-3.294101928461121709e-01
-6.419119195761706642e-01
-7.112630641872391690e-02
6.066744232234517753e-01
4.368633970281687873e-02
-5.475736108050295314e-01
3.816487983128742378e-01
-1.208780512143738939e-01
5.133256868370967840e-01
-7.724461102844943916e-01
-4.403245263601387460e-01
-7.853080548483952761e-01
-3.415407036601723068e-01
-1.000000000000000000e+00
1.972643788566790235e-01
-5.405167324421868980e-01
-6.156115950577982776e-01
-1.000000000000000000e+00
-3.939181669543239117e-01
1.696959328206719686e-01
-6.756857829842188856e-02
6.495915917840038301e-01
-2.254120100297407614e-01
7.256026146487938311e-01
6.507890674432235123e-01
-4.929785970705423126e-01
-1.149707985144643452e-01
-1.783472873566185890e-01
-7.265433530421283592e-01
8.389110830979242817e-01
-9.608417054805118429e-01
-5.925531543514825916e-01
3.860186455390217652e-01
9.292539583146086635e-02
7.482229770868044083e-01
