-4.663848251275346524e-01
-1.993162604329592469e-01
-1.000000000000000000e+00
5.326330720719192335e-01
-1.000000000000000000e+00
-1.000000000000000000e+00
-2.428990377496536568e-01
1.000000000000000000e+00
-5.435364371643247594e-01
-5.498729058708353712e-01
-1.000000000000000000e+00
7.903248904149512422e-01
3.433845334097158641e-01
4.339112068920405463e-01
-6.984344096571225569e-01
1.468685480937110821e-01
9.517110183628165743e-01
-7.695077792232557501e-01
5.957996014152733277e-01
1.000000000000000000e+00
-1.863100261618928499e-01
-8.048358456861625099e-01
4.567606737700966590e-01
8.994104695732259014e-01
3.159517910604812130e-01
-1.000000000000000000e+00
8.832011766798601726e-02
-2.238790041717781953e-01
1.537392033207969355e-01
-4.824461908819989153e-01
-3.191690855652493664e-01
6.654440420775382670e-01
-8.127803389307192150e-01
-1.000000000000000000e+00
1.000000000000000000e+00
1.307054889477037574e-01
1.000000000000000000e+00
7.328563650361479276e-01
-4.601361117828272618e-01
1.879521975600034756e-02
4.643576385649543781e-01
-1.000000000000000000e+00
-8.904623144609213892e-01
5.345662899415120073e-01
9.958364236221948218e-01
-5.369240044520948718e-01
3.711754710187741280e-01
8.212017386535319652e-02
9.624772113553445863e-01
1.934053870458492530e-01
5.445535042098370582e-02
-1.000000000000000000e+00
-1.094976757055555194e-01
4.161085481330133451e-01
-5.572198845898774788e-01
5.145114460685327185e-01
-1.009305616691980045e-01
-3.367310252276898286e-01
7.398404265671099100e-01
8.730934331618458444e-01
-5.760950445543358001e-01
-4.808611382992593608e-01
-6.927687356388594342e-01
-6.152926445873823091e-01
4.077210877706201053e-01
1.000000000000000000e+00
1.023797498842600184e-01
1.000000000000000000e+00
-4.095496295812708354e-01
-1.000000000000000000e+00
5.696487018490767884e-01
1.000000000000000000e+00
8.865432666000349071e-01
-9.063538815832892226e-01
2.584826721614141842e-01
-1.000000000000000000e+00
1.000000000000000000e+00
-8.666720075870961715e-01
1.000000000000000000e+00
-8.480263230673565911e-01
-4.234990260254649641e-01
-7.948724986436025430e-01
-3.977146723085363544e-01
-1.366866678687843617e-01
-1.000000000000000000e+00
-8.691246392741485138e-01
-1.000000000000000000e+00
2.835935150952300088e-01
-6.743641207550487016e-01
6.850086347018888855e-01
1.000000000000000000e+00
7.790123887253213031e-01
-5.591443823500497068e-02
-6.250177976550326253e-01
9.223910051318708891e-01
-1.000000000000000000e+00
-1.000000000000000000e+00
2.317817310586736124e-01
1.000000000000000000e+00
-1.000000000000000000e+00
-9.056115163331068807e-02
-2.447623502141363927e-01
4.776294394168645319e-02
8.072405059723994913e-01
-7.223374747584445643e-01
-4.484990802656887432e-01
-5.426696220984217334e-02
-1.000000000000000000e+00
-1.000000000000000000e+00
2.671920419002156155e-01
1.000000000000000000e+00
-7.224095155434469007e-01
-9.190365530782105274e-01
-6.271151578788418668e-01
-3.942626150142245489e-01
5.132720855942004556e-01
-7.254972111614778063e-01
-4.001921480998762437e-01
-3.578126415209723632e-01
7.007272807427518124e-01
1.000000000000000000e+00
3.907747098736555902e-01
-5.935508295347953212e-01
-1.216451480862502099e-01
8.977288162196028765e-01
2.259373092472399813e-03
3.728293233159893361e-01
-8.193800726418620783e-03
5.433239010515696910e-01
5.901947725431555547e-02
9.298611286778319940e-01
4.738850860965969636e-01
1.000000000000000000e+00
-8.881917294011769659e-01
-4.187641692103698521e-01
2.271026159710509695e-02
6.873887422501454569e-01
6.892051795888594068e-01
-4.560281076763322838e-01
-8.708670704860217437e-01
-2.439258352182088752e-01
-1.000000000000000000e+00
-7.481512100734897253e-01
9.511653666060841950e-01
1.729069627592880742e-01
8.095932159542862383e-01
3.712748595590305012e-01
-9.607140291429407952e-01
3.211540402585619791e-01
1.000000000000000000e+00
-2.661905800733488370e-01
8.941789740489738403e-01
3.578177604106753673e-01
4.106851959747401803e-01
5.715863358029633634e-01
8.315154038391228131e-01
2.613338732302123990e-01
7.821602410608194944e-01
1.290506803352873821e-01
-9.663208855778977480e-01
-1.846801701499221071e-01
9.653278334697572571e-01
-4.765106729311574529e-01
8.771095788817635519e-01
-4.613712529316617572e-01
1.000000000000000000e+00
-1.000000000000000000e+00
1.093512629254900226e-01
-1.359363544692701320e-01
1.462179392172274772e-01
1.000000000000000000e+00
1.121613216781776057e-01
-1.000000000000000000e+00
-5.065589368029854711e-01
-3.014842568697830849e-01
-1.000000000000000000e+00
-1.000000000000000000e+00
-8.772658347176887084e-01
7.620622930593865529e-01
3.582636450076398527e-01
-1.000000000000000000e+00
5.089429322194638505e-01
1.908331141753963345e-01
-1.000000000000000000e+00
7.750057129278604684e-01
1.414106278306734854e-01
-1.000000000000000000e+00
-1.616557170127932430e-01
7.689619778822447405e-01
4.183116105896702575e-01
-5.579758705386030915e-01
-1.079149348580869666e-01
-3.834942790225328579e-01
-2.122522086054499657e-01
-1.790883356792294379e-01
-4.569352753123139266e-01
-3.128541099328676633e-01
-1.000000000000000000e+00
7.497460598838237011e-01
8.310055109559142394e-01
-2.971339243705850564e-03
-8.115401035549799635e-01
4.018737844182052044e-03
9.372492610389717704e-01
3.887247137982423606e-01
-7.240005515839631478e-01
-1.000607380819572567e-01
2.076292590567455076e-01
-1.000000000000000000e+00
7.833095513476642235e-01
-4.917622480354548742e-01
8.125753520262024576e-01
5.668312757153404213e-01
7.327353695839968761e-01
8.216129015614097586e-01
-9.828533663236950213e-01
-1.852671828481478045e-01
-8.421014759425160534e-01
1.000000000000000000e+00
2.795778380892730564e-01
8.148058756528767654e-01
-4.972344288992364136e-02
7.349645232726698119e-02
9.953660617108680553e-01
-1.058604377223398840e-02
4.363954802735834915e-01
1.000000000000000000e+00
2.659793159648425886e-01
7.991353444197168976e-01
-9.438022537992787342e-01
-9.856230636438567672e-02
6.879207436887584404e-01
1.801889453364637905e-01
-3.977444226090016688e-01
-1.000000000000000000e+00
-1.975522648364260725e-01
-7.685031191440345744e-01
2.387510912492187831e-01
-4.216363245395070569e-01
-6.349279548790776051e-01
6.941504107534253176e-01
-5.762712528723579197e-02
7.451530863520210435e-01
-1.934040831273069472e-01
-3.675278587182320145e-01
2.808962770815741639e-01
3.527951512161153769e-01
3.227425177910643317e-01
2.592498688800048967e-01
-9.236854720507781114e-01
1.000000000000000000e+00
2.515832192390332622e-02
-5.061689766225563325e-03
-7.450649075142075084e-01
-4.241405721361570791e-01
7.695938457283639789e-01
-5.614770099400292480e-01
-4.515999615044676840e-01
-3.288917699027413821e-01
-1.000000000000000000e+00
-2.986897276426290215e-01
1.000000000000000000e+00
-1.225648108649517454e-01
-8.370665930771795660e-01
3.983926796831233075e-01
