-3.872758989587850031e-01
-5.362650866389020443e-01
-1.000000000000000000e+00
2.655913548065427232e-01
-5.754034164024752762e-01
8.040248756876249292e-01
4.769771657754441341e-01
6.454485396289499910e-01
9.343898972738580166e-01
2.431335300441290759e-01
4.821988885629513444e-01
-7.607581813465569276e-01
6.759724318081319350e-01
5.330627800270137939e-02
1.314173731183443383e-01
1.378706618186475996e-01
-1.000000000000000000e+00
-5.743915369058487652e-01
-3.217744594377727196e-01
7.849833369673164807e-01
-9.382076921326019114e-01
2.339419767421857532e-01
-4.034364346145844493e-01
9.526143647459006658e-01
-5.196987806713848634e-02
3.279528030693967811e-01
-9.264229096803551222e-01
-1.328854190525112777e-01
5.727862698027792465e-01
-7.964606430417804361e-01
8.899508076113575861e-01
4.868776264505307871e-01
-8.062738904170574372e-02
-1.408640894256283360e-01
2.237596778159527400e-01
6.084688103999079667e-01
4.811394535408257678e-01
3.217812639999062529e-01
5.450415588226027452e-01
-4.644729338542936681e-01
-6.305788665819027639e-01
6.934186328590667969e-01
-7.714895811657862534e-02
-4.629035058379109557e-01
-7.420854662309035454e-01
-7.608875070193188428e-01
-1.211991176065210229e-01
9.927809552509589963e-01
-7.675284784790803450e-02
2.389663044301066908e-01
-8.019483363712049950e-01
-1.000000000000000000e+00
6.840569155068205731e-01
-6.453040330714203687e-01
-1.000000000000000000e+00
-9.472649214301842591e-02
-4.697124375483698877e-01
1.055887541991784584e-01
-1.000000000000000000e+00
-6.290112899298909710e-01
2.117953930805007712e-01
-8.904189237110924360e-01
6.008806384452309857e-01
3.199121247731313566e-01
7.702977589108184198e-01
9.416510080816478112e-01
2.056046757976861539e-01
-8.919310873160164466e-01
5.038572169587629546e-01
9.077130599674765321e-02
7.319475211482637245e-02
8.691049271222393013e-01
4.707647154937835143e-01
8.182911183253118725e-01
6.096155429716478835e-01
3.449072743188155710e-01
6.204927647332765250e-01
-2.406339730338593608e-01
-7.780616224838547978e-01
9.198208607152427163e-01
9.722796850882204911e-01
1.000000000000000000e+00
-2.751605409759161347e-02
6.911572230417346585e-01
-2.281541191606093477e-01
5.286967633224490815e-01
6.522786787838538158e-01
5.598967054212118377e-01
-9.739349535881358655e-02
-3.733924688491450095e-01
-1.000000000000000000e+00
9.574853946119226134e-01
3.020598782053480758e-01
-9.210138420992810548e-01
-9.661207391354962315e-01
1.225407454501752369e-01
1.007053850881929336e-01
-8.550992588025163599e-01
7.757258842919165787e-01
1.690389218488075329e-03
-9.252570952429410855e-01
-4.657561200806414892e-01
8.701544393357798501e-01
-1.000000000000000000e+00
3.717115400255193158e-01
4.189485215458552680e-01
-3.126026102945322904e-01
2.150593295316991505e-01
9.856467074067731815e-01
5.383806837675542134e-01
-5.336656079542800857e-01
6.072884315189919224e-01
1.000000000000000000e+00
-5.792801188169249826e-01
4.238359686559038941e-01
2.648710070557410146e-01
-7.864624796055290634e-01
-1.000000000000000000e+00
8.510085474823647633e-01
-8.702126393839824114e-01
5.393385346734749231e-01
-9.849297649227533036e-01
-7.172793129940924217e-02
9.865105339890867242e-02
3.619802194309489352e-01
-1.000000000000000000e+00
8.721956504879169181e-02
1.800522969498903336e-01
9.276682100913720141e-01
-1.797005106799005603e-01
9.056713530549953539e-02
9.859026213138266659e-01
-9.171357096445429402e-01
-1.000000000000000000e+00
-5.057451354501023566e-01
-7.567620077231482778e-01
-3.366536581012504747e-01
-7.387235481898364320e-01
-5.109202609401246598e-01
6.716817121525053835e-02
-4.896144756397207143e-01
-2.232642832640372443e-01
6.384411829647349546e-01
2.598089550673732262e-01
1.368037056449975530e-01
5.880835070960295230e-01
-7.347145858509174232e-02
-6.837067947307864380e-01
1.388655170564023766e-01
7.787311537746921530e-01
-6.908932299513459441e-01
7.927108352564933291e-01
1.000000000000000000e+00
-1.305129338063928390e-01
-3.934142468466277354e-01
-2.154558405797690757e-01
5.466209684961382820e-01
9.277670560297546221e-01
-2.705921721796740176e-01
6.240040822882406690e-01
-2.965841737840348991e-01
-2.807903009609029610e-01
-2.262906993384251608e-01
-4.921147731085686594e-01
2.781429072370553701e-01
-9.565895081281947654e-01
-4.597098769015062203e-01
-4.742442608972849971e-01
8.823487502760642975e-01
-2.300720045800281888e-01
-4.016349642387901930e-01
-7.598762776238354721e-01
9.165254391814723345e-01
7.317284659779808020e-01
8.687330142532951882e-01
1.305501980890477753e-02
-7.670425970878080868e-01
-7.457851694180401836e-01
-8.052341080081915070e-01
9.002318314567088198e-01
2.027231068671915271e-01
-1.781803559999268760e-01
2.124010903369080161e-01
6.429617176096404929e-01
3.298359271586018271e-01
-7.240587119413213202e-01
-1.000000000000000000e+00
-1.000000000000000000e+00
9.302519652965131058e-01
1.000000000000000000e+00
2.463288594253076891e-01
1.000000000000000000e+00
6.682608736266688609e-01
-1.000000000000000000e+00
-3.001789486762516113e-01
-9.003707670885061631e-01
-8.508091080655374450e-01
1.000000000000000000e+00
-1.000000000000000000e+00
-4.057023276024926961e-01
3.436643609250253917e-01
1.000000000000000000e+00
-6.756158702517889303e-02
-8.536135992320981192e-01
4.660498652113482798e-01
1.000000000000000000e+00
-1.215951281857566291e-01
-4.713087418236145409e-01
-3.365880370559308776e-01
-6.698221385127325345e-01
-6.690195432561942823e-01
-7.909141353683581954e-01
9.759619761975726338e-01
4.996283483446624096e-01
5.497935943850094098e-01
-1.577252340828390054e-01
9.713310530252996511e-01
-3.868185700593449461e-01
3.903690362260547886e-02
-2.155808722351695295e-01
-4.167256932562186655e-01
-6.693361111918809669e-01
1.000000000000000000e+00
7.695071137905793446e-01
-7.565805133375549385e-01
-6.156730302665485155e-01
4.393527918323347770e-01
4.005992347776552442e-01
2.749015269524868188e-03
-3.015180460523514405e-02
7.725197645813817182e-01
8.382000294743716662e-01
3.509206867654686146e-01
7.622707835642363872e-01
8.039018372107558097e-01
3.051857857634951987e-01
-3.829078840019419783e-01
-6.685388322912697023e-02
8.471156283040044421e-01
4.866716824065424607e-01
8.908567393234949616e-01
2.727236891988755740e-01
-4.704014297800163114e-02
-7.111778839056367429e-01
2.098439822462785376e-01
8.749318955270086740e-01
-7.431820156882882333e-01
-5.445147389245048597e-01
4.953954400272998493e-01
7.734410770794073464e-01
2.872721538839060340e-01
-5.620357445359887016e-01
-7.341870471957696598e-01
2.338348592773602519e-01
1.000000000000000000e+00
3.639860327423898312e-01
7.683644363903392449e-01
7.161639187614197155e-01
5.199332752062204577e-01
-3.470229393804464824e-01
2.975419523506017683e-01
9.360753406584678693e-01
4.837699041791015397e-01
-3.619148821661086757e-01
-5.625228746594652662e-01
